loc,t,aDotUA,bDotUA,gDotUA,aUA,bUA,gUA,xUA,yUA,zUA,qE,qDotE,aDotSH,bDotSH,gDotSH,aSH,bSH,gSH,xSH,ySH,zSH,aDotUB,bDotUB,gDotUB,aUB,bUB,gUB,xUB,yUB,zUB,xHand,yHand,zHand,aHand,bHand,gHand,enable
0,0,-0.08063418,-0.5901976,-0.003510026,-1.477976,-4.377833,-3.106305,0.7162172,1.147842,0.4468729,-1.383511,-0.04852018,-0.1310744,0.06995331,-0.08542743,-0.7841465,1.395941,0.400116,0.7701226,1.386114,0.3823252,-0.03432062,0.09129055,-0.01738862,-0.9777237,-0.06548833,0.1648526,0.8352687,1.440927,0.1840014,0.4905815,0.9920806,0.2851137,303.7057,252.1383,345.9776,False
0,0.01111111,-0.07964268,-0.5550747,-0.009056292,-1.477491,-4.372783,-3.105929,0.7155607,1.147849,0.4467726,-1.38355,-0.003173728,-0.1332359,0.07854339,-0.09281111,-0.7848613,1.398261,0.4000268,0.7699763,1.386095,0.3824835,-0.03437144,0.08170073,-0.01843313,-0.9778584,-0.06471907,0.1648079,0.8353646,1.440934,0.1842194,0.4905793,0.9922546,0.2841449,303.6687,251.9127,346.0047,False
0,0.02222222,-0.06909097,-0.5114091,-0.01360167,-1.477016,-4.368283,-3.105809,0.7149749,1.147677,0.4465568,-1.383415,0.01234859,-0.1246718,0.09450206,-0.0938256,-0.7851771,1.400903,0.3992648,0.7698261,1.38604,0.3826444,-0.03010183,0.07953877,-0.01738868,-0.9778163,-0.06394795,0.164463,0.8354696,1.440891,0.1843538,0.4905972,0.9924196,0.2831328,303.616,251.6504,346.0721,False
0,0.03333334,-0.06275713,-0.4793718,-0.003151377,-1.47719,-4.364038,-3.105724,0.7143403,1.147647,0.4464731,-1.383414,-4.709818E-05,-0.1097214,0.1051026,-0.09279543,-0.7854642,1.403608,0.3981338,0.7697281,1.385945,0.3826981,-0.02690819,0.08271583,-0.01955059,-0.9779277,-0.06265473,0.1639277,0.8355554,1.440905,0.184551,0.4906836,0.99257,0.2820626,303.564,251.3504,346.1535,False
0,0.04444445,-0.0564159,-0.4655386,-0.007505735,-1.47672,-4.359142,-3.105557,0.7137196,1.147731,0.4464655,-1.383693,-0.0255719,-0.08196238,0.1124445,-0.08976471,-0.7857156,1.405716,0.3965135,0.769603,1.38578,0.3828537,-0.02680051,0.08593198,-0.007832976,-0.9773716,-0.0615097,0.1635008,0.8357604,1.440898,0.1846752,0.4907765,0.9926681,0.2809144,303.5024,251.0316,346.2133,False
0,0.05555556,-0.04790362,-0.4601881,-0.006479724,-1.476472,-4.354117,-3.105797,0.7131022,1.147739,0.4463456,-1.383736,-0.003697638,-0.06825571,0.09437096,-0.1006521,-0.7869081,1.407195,0.3957883,0.7695217,1.385722,0.3828974,-0.02568474,0.08168535,0.0006899731,-0.9769593,-0.06062913,0.1631969,0.8358433,1.440983,0.1849456,0.4908684,0.9926803,0.2797121,303.4432,250.7484,346.2097,False
0,0.06666667,-0.04153196,-0.4709874,-0.03199016,-1.474896,-4.348389,-3.105827,0.7126152,1.147895,0.4461823,-1.383541,0.0177691,-0.07580444,0.07096842,-0.10289,-0.7880869,1.407804,0.3964938,0.7694851,1.3857,0.3829708,-0.02146081,0.07525542,-0.001454055,-0.9769295,-0.06011673,0.1629045,0.8360014,1.441095,0.1850626,0.4910064,0.9926379,0.2785159,303.4492,250.4922,346.1534,False
0,0.07777778,-0.0287662,-0.469959,-0.04054498,-1.473851,-4.34302,-3.106345,0.7121142,1.14798,0.4459555,-1.383862,-0.02949279,-0.08652768,0.04008201,-0.0987667,-0.7892331,1.407543,0.3980742,0.7694386,1.385694,0.3829772,-0.01939998,0.06988396,-0.008913323,-0.9772193,-0.05965907,0.1626414,0.8362045,1.441109,0.1850948,0.4912217,0.9925784,0.2773532,303.4924,250.1566,346.1799,False
0,0.08888889,-0.02029223,-0.4476245,-0.04920999,-1.47286,-4.338731,-3.106812,0.711656,1.148077,0.4457693,-1.383564,0.02743679,-0.09722193,0.00916566,-0.09144793,-0.7903357,1.406649,0.4001575,0.7693257,1.385691,0.3830318,-0.02265465,0.06136898,-0.01206728,-0.9774361,-0.05916865,0.1626792,0.8363358,1.441111,0.1851187,0.4915213,0.9925105,0.2762088,303.5181,249.7901,346.2816,False
0,0.1,-0.01288866,-0.425258,-0.05148865,-1.472063,-4.334691,-3.107195,0.7113354,1.148178,0.4455888,-1.383983,-0.03853855,-0.09930331,-0.0004865676,-0.08085013,-0.7909647,1.406607,0.4013645,0.7692338,1.385748,0.3830838,-0.02377064,0.05709974,-0.01630493,-0.9775814,-0.05858129,0.1626424,0.8364898,1.441132,0.1852055,0.4919382,0.9924438,0.2750642,303.544,249.3248,346.4856,False
0,0.1111111,-0.006586002,-0.379432,-0.050711,-1.47144,-4.332096,-3.107608,0.7110863,1.148261,0.4454682,-1.384003,-0.001628243,-0.1021589,0.00882104,-0.04028094,-0.7899543,1.40666,0.4026098,0.7691159,1.38582,0.383019,-0.02697669,0.05391611,-0.01627531,-0.9777199,-0.05802162,0.162663,0.8366046,1.441134,0.1852219,0.4923987,0.9923588,0.2739011,303.5662,248.9096,346.6073,False
0,0.1222222,-0.004551699,-0.3325083,-0.04248483,-1.471084,-4.329814,-3.107735,0.7108735,1.148314,0.4454286,-1.383851,0.0138448,-0.09442971,0.03952537,-0.01774944,-0.7888848,1.408226,0.4022953,0.7690927,1.38583,0.3829873,-0.02907353,0.05711137,-0.01411846,-0.9774861,-0.05737181,0.1626576,0.8365929,1.4411,0.1852822,0.4928535,0.9922472,0.2727736,303.5976,248.5678,346.6328,False
0,0.1333333,-0.007812712,-0.2940849,-0.02994782,-1.47099,-4.327782,-3.107781,0.7106311,1.148329,0.4454131,-1.383923,-0.006740443,-0.07813215,0.09153876,0.001672935,-0.7871079,1.411588,0.4002254,0.7689368,1.385838,0.3829343,-0.0269216,0.0539176,-0.009866646,-0.9773439,-0.05673332,0.1624699,0.8366998,1.441128,0.185292,0.493305,0.9921257,0.2717482,303.6401,248.2697,346.6247,False
0,0.1444445,-0.01208825,-0.2812591,-0.02043104,-1.471057,-4.3249,-3.107834,0.7103237,1.148253,0.4454558,-1.383607,0.02888508,-0.06838597,0.1319675,0.00508105,-0.785893,1.415267,0.398047,0.7688189,1.385825,0.3828964,-0.02264598,0.04857447,-0.00455453,-0.977076,-0.05650908,0.1624898,0.8367698,1.441133,0.1853092,0.4936968,0.992002,0.2709089,303.6834,248.0292,346.5773,False
0,0.1555556,-0.01210592,-0.2705599,-0.01090556,-1.471185,-4.322021,-3.107975,0.7101052,1.14829,0.4454942,-1.383465,0.0126759,-0.06733121,0.1341144,0.002956755,-0.7853385,1.417404,0.3972797,0.7687517,1.385815,0.3828378,-0.01844613,0.03364161,-0.004556484,-0.9771724,-0.05668605,0.1625743,0.8368599,1.441074,0.1852579,0.4939834,0.9918848,0.2703028,303.728,247.8593,346.5287,False
0,0.1666667,-0.009984702,-0.2663079,-0.01306351,-1.47086,-4.319214,-3.108226,0.7099521,1.148341,0.4454374,-1.383349,0.01058891,-0.06323873,0.1075402,-0.007914498,-0.7856575,1.41785,0.397545,0.7688435,1.385812,0.3828161,-0.01958888,0.02297591,-0.008778465,-0.9773375,-0.05689804,0.1629239,0.8368186,1.440991,0.1852381,0.4941314,0.9917781,0.2699108,303.7559,247.7493,346.5245,False
0,0.1777778,-0.01000114,-0.259962,-0.02056725,-1.470192,-4.31656,-3.108406,0.7098037,1.148414,0.4454086,-1.383408,-0.005548349,-0.05805545,0.0820165,-0.01559668,-0.7860544,1.418295,0.3977292,0.768847,1.385855,0.3828444,-0.02176501,0.01977744,-0.01301765,-0.9776411,-0.05675236,0.1631394,0.8369132,1.441,0.185256,0.494207,0.991689,0.2696606,303.7674,247.6704,346.5846,False
0,0.1888889,-0.007963617,-0.2131355,-0.02618374,-1.469695,-4.315583,-3.108489,0.7099344,1.148429,0.4451735,-1.383514,-0.00966446,-0.04559176,0.03205117,-0.03629133,-0.7876469,1.417113,0.3986065,0.7688249,1.385862,0.3828006,-0.02388261,0.01659618,-0.00979097,-0.9775079,-0.05672067,0.1634273,0.8368959,1.44098,0.1852934,0.494318,0.9916465,0.269475,303.7822,247.5984,346.6926,False
0,0.2,-0.01231837,-0.1651953,-0.02434676,-1.469481,-4.315307,-3.108218,0.7100692,1.148482,0.4450123,-1.383442,0.006640307,-0.03078387,-0.004227623,-0.03453482,-0.7883739,1.415851,0.3994188,0.7687724,1.385852,0.3827558,-0.03018123,0.01983402,-0.001218303,-0.9770499,-0.05648298,0.1636536,0.8369581,1.44101,0.1852367,0.4944973,0.9916396,0.2692689,303.785,247.4701,346.8446,False
0,0.2111111,-0.02740964,-0.07141427,-0.01426598,-1.469741,-4.317789,-3.107165,0.7104739,1.148385,0.4449525,-1.383477,-0.003239056,-0.007190553,-0.003376011,-0.01446984,-0.7878792,1.415664,0.3988872,0.7687523,1.385746,0.3826876,-0.03121739,0.01878223,0.003052803,-0.9768704,-0.05629217,0.163876,0.8369684,1.441036,0.1852219,0.4947339,0.9916508,0.2690031,303.7784,247.3159,346.9707,False
0,0.2222222,-0.04784251,0.03089688,2.713874E-05,-1.470365,-4.321259,-3.105599,0.7109042,1.148283,0.4449835,-1.383183,0.02688893,0.003498582,0.0296779,-0.02390232,-0.7878094,1.417886,0.3969316,0.7687995,1.385747,0.382606,-0.03016621,0.02089033,-0.0001520757,-0.9769114,-0.0561172,0.1640545,0.8370646,1.441095,0.1852207,0.4950012,0.9916707,0.2686976,303.769,247.2392,346.9961,False
0,0.2333333,-0.07353146,0.1002293,0.02198043,-1.471385,-4.324577,-3.103662,0.7114428,1.148203,0.4451721,-1.382662,0.0474068,0.003573567,0.11723,-0.05098123,-0.7875596,1.42452,0.3922421,0.7688625,1.385697,0.3825595,-0.01844046,0.02190242,-0.0002455313,-0.9768906,-0.05577578,0.1636417,0.8370942,1.441083,0.1851134,0.4952405,0.9917045,0.2684157,303.7696,247.2239,346.907,False
0,0.2444444,-0.08743621,0.1300667,0.02819947,-1.472027,-4.326757,-3.102022,0.7119527,1.148055,0.4453342,-1.382262,0.03625953,0.006879911,0.1684034,-0.05810129,-0.7870248,1.429695,0.3884537,0.7690426,1.385697,0.3824928,-0.007812304,0.01865636,-0.001381512,-0.9768603,-0.05567285,0.1633399,0.8371313,1.441049,0.1850264,0.4953577,0.9917777,0.2683108,303.7666,247.3262,346.6809,False
0,0.2555556,-0.1290119,0.1437827,0.01960826,-1.471898,-4.328773,-3.099046,0.7126245,1.148026,0.4455433,-1.381955,0.02789491,0.07646859,0.176411,-0.01703692,-0.7850301,1.432282,0.3834076,0.7695154,1.385631,0.3823967,0.01643766,-0.008122487,-0.01855727,-0.9778504,-0.05674677,0.1629391,0.8371936,1.440996,0.1848185,0.4952962,0.9919441,0.2685131,303.7603,247.5263,346.4381,False
0,0.2666667,-0.1545923,0.1457872,0.007892318,-1.471631,-4.330365,-3.096229,0.7133108,1.147893,0.4457629,-1.382248,-0.02689321,0.127672,0.1120608,0.01939925,-0.7841055,1.42994,0.3819562,0.7699283,1.38559,0.3822737,0.03432373,-0.03806063,-0.03034471,-0.9787362,-0.05839034,0.1628978,0.8372524,1.441046,0.1846247,0.4951178,0.9922656,0.2690625,303.7139,247.7806,346.3085,False
0,0.2777778,-0.2079458,0.1904013,0.003379941,-1.47155,-4.334147,-3.091591,0.7143452,1.14777,0.4461582,-1.381106,0.1048231,0.1831489,-0.038855,0.09353915,-0.7828959,1.420457,0.3846832,0.7705729,1.385556,0.3822036,0.04604406,-0.04025061,-0.0293614,-0.9790643,-0.05905852,0.1623942,0.8372971,1.44098,0.1843843,0.4949065,0.9927319,0.2698649,303.5844,247.9945,346.3694,False
0,0.2888889,-0.2763694,0.3213693,0.01645886,-1.472669,-4.341951,-3.085458,0.7155567,1.147709,0.4464705,-1.381312,-0.01963045,0.2308347,-0.1851692,0.1230239,-0.7833965,1.41039,0.3879086,0.7713189,1.385648,0.3820875,0.04720667,-0.03490888,-0.01979354,-0.978994,-0.05932564,0.1619647,0.8373009,1.440972,0.1842134,0.4947111,0.9933451,0.2707981,303.4335,248.1401,346.5495,False
0,0.3,-0.3010418,0.4065584,0.01913902,-1.473235,-4.348988,-3.080642,0.7166098,1.147718,0.4468091,-1.380036,0.1170799,0.2318168,-0.1968445,0.1165334,-0.7833683,1.4065,0.3880761,0.7718718,1.385668,0.3819993,0.0451614,-0.05083996,0.0004974557,-0.9784549,-0.06082287,0.1624166,0.8373389,1.440892,0.1839943,0.4945607,0.9940957,0.2717644,303.2285,248.2687,346.7007,False
0,0.3111111,-0.3364418,0.5365261,0.03007549,-1.474622,-4.35945,-3.074659,0.7179232,1.147841,0.4471328,-1.379175,0.07803459,0.222192,-0.1871605,0.1070897,-0.7833129,1.404223,0.3875576,0.7726085,1.385698,0.3819396,0.06414846,-0.08928164,-0.001699018,-0.9789215,-0.0635578,0.1625785,0.8373867,1.440842,0.1836891,0.4943773,0.9950219,0.2727941,303.0638,248.5325,346.6189,False
0,0.3222222,-0.3749579,0.627112,0.04870901,-1.476417,-4.36914,-3.0683,0.7191832,1.147971,0.4473784,-1.380759,-0.1449789,0.212778,-0.1627228,0.1201235,-0.781886,1.402133,0.3871586,0.7734666,1.385792,0.3818519,0.09692962,-0.139505,-0.003967918,-0.9794829,-0.06739689,0.1626057,0.8374199,1.440849,0.1833017,0.4938912,0.9962179,0.2739601,302.9442,249.0023,346.3536,False
0,0.3333333,-0.4678827,0.7569774,0.06074427,-1.478635,-4.381997,-3.058711,0.7207972,1.148225,0.4475911,-1.380474,0.02748376,0.2301306,-0.1887073,0.1709426,-0.779683,1.396399,0.3881171,0.7746786,1.385906,0.381623,0.1317885,-0.1929429,-0.0115816,-0.9804555,-0.07187632,0.1625061,0.8375046,1.440783,0.1828711,0.4931102,0.9977428,0.2753476,302.7195,249.4698,346.1651,False
0,0.3444445,-0.5351132,0.8110815,0.04339495,-1.479324,-4.392612,-3.04968,0.7221751,1.148514,0.4478948,-1.380299,0.01595128,0.2633687,-0.2445707,0.2214302,-0.7776947,1.388377,0.3898008,0.7757927,1.386039,0.3814349,0.1496601,-0.2356503,-0.01801545,-0.9813908,-0.0764507,0.1628901,0.8375396,1.440783,0.1824498,0.4920332,0.9996251,0.2770718,302.4103,250.1292,345.9156,False
0,0.3555556,-0.5820177,0.8226629,0.03376395,-1.480309,-4.402066,-3.040887,0.7235241,1.148618,0.4481881,-1.377776,0.2308928,0.2901854,-0.2800856,0.2603913,-0.775471,1.380688,0.3912485,0.7770262,1.386129,0.3812497,0.1613468,-0.2569905,-0.01060414,-0.9818361,-0.08059192,0.1629615,0.8375832,1.440756,0.1820617,0.4907223,1.001862,0.2791186,302.0076,250.9455,345.6823,False
0,0.3666667,-0.642691,0.7947967,0.02544585,-1.481216,-4.409986,-3.030912,0.72466,1.148866,0.4484625,-1.378405,-0.05910487,0.3340152,-0.3231122,0.2981039,-0.7731801,1.371686,0.3926053,0.7785895,1.386217,0.3810418,0.1836166,-0.282655,-0.00859166,-0.9825056,-0.08524313,0.1628608,0.8377111,1.440768,0.1816111,0.4891468,1.004515,0.2814649,301.5914,251.8427,345.4933,False
0,0.3777778,-0.6798521,0.7199712,-0.003896058,-1.48091,-4.415666,-3.021644,0.7257411,1.149091,0.4487121,-1.379222,-0.07371679,0.3595973,-0.3552624,0.3136569,-0.7714054,1.362938,0.3940085,0.7801121,1.386322,0.3808217,0.1995718,-0.3072009,0.001988734,-0.98283,-0.09018489,0.1628382,0.8378225,1.440744,0.181144,0.4874041,1.007593,0.2840025,301.005,252.5554,345.5646,False
0,0.3888889,-0.7116503,0.6259371,-0.04058672,-1.479813,-4.419735,-3.012247,0.7265952,1.149419,0.4487448,-1.37853,0.06434814,0.389327,-0.4225879,0.3289338,-0.7703001,1.351398,0.3969479,0.7819675,1.386564,0.3806105,0.2187238,-0.3307005,0.01254411,-0.983058,-0.09562599,0.1627599,0.8379196,1.440686,0.1806693,0.4856532,1.010983,0.286558,300.2462,253.2846,345.6617,False
0,0.4,-0.7297041,0.5862705,-0.07548696,-1.478474,-4.425341,-3.00319,0.7277427,1.149687,0.4488366,-1.379483,-0.08738545,0.4138621,-0.471849,0.353966,-0.7685648,1.339486,0.4000712,0.783677,1.386676,0.380353,0.2420145,-0.3638222,0.01243449,-0.9837546,-0.1015723,0.1625905,0.8381354,1.440514,0.1800828,0.4839649,1.014567,0.2888768,299.4477,253.975,345.7884,False
0,0.4111111,-0.7616295,0.551761,-0.1338505,-1.475721,-4.430621,-2.993127,0.7285718,1.150091,0.4487815,-1.379816,-0.0293044,0.4372513,-0.5327922,0.3735951,-0.7673366,1.326233,0.4040154,0.7856177,1.386766,0.3800104,0.2546067,-0.3862753,0.0006656353,-0.9849477,-0.1074512,0.1626414,0.8383217,1.440397,0.179491,0.4825048,1.01821,0.2907316,298.602,254.4159,346.0616,False
0,0.4222222,-0.7850685,0.5408099,-0.1753092,-1.473424,-4.436897,-2.983145,0.7295263,1.15055,0.4488039,-1.380737,-0.08376252,0.4223896,-0.5488192,0.3874449,-0.7656508,1.315118,0.4079289,0.7875907,1.386912,0.3796368,0.2768231,-0.410873,-0.003719371,-0.986013,-0.1134754,0.1623764,0.8384995,1.440359,0.178885,0.4813178,1.021779,0.291956,297.79,254.6015,346.3564,False
0,0.4333333,-0.7232282,0.5066737,-0.2028328,-1.471002,-4.441885,-2.976649,0.7301143,1.151055,0.4487658,-1.380178,0.05207691,0.4117581,-0.5648264,0.3969944,-0.7640886,1.3036,0.4120331,0.7894749,1.387013,0.3793166,0.2948945,-0.4216022,-0.002769771,-0.9867864,-0.119418,0.1617551,0.8386582,1.440308,0.1783681,0.4804372,1.025176,0.2926519,297.0278,254.6077,346.5295,False
0,0.4444444,-0.7520078,0.505385,-0.2294358,-1.468615,-4.448059,-2.966601,0.7311239,1.151465,0.4488158,-1.38064,-0.04256549,0.3955118,-0.6190267,0.385013,-0.7641057,1.289627,0.4181352,0.7915434,1.387024,0.3789074,0.3013017,-0.4322374,0.006772099,-0.9873409,-0.125153,0.1615103,0.839,1.440188,0.1777799,0.4796165,1.028345,0.2929538,296.4116,254.3589,346.7276,False
0,0.4555556,-0.7946284,0.5095199,-0.2379465,-1.466947,-4.454446,-2.955523,0.7317253,1.151898,0.4488876,-1.384302,-0.3341096,0.3739213,-0.6731849,0.3709434,-0.7646521,1.275223,0.4250583,0.7935686,1.387164,0.3785572,0.3054349,-0.4567611,0.00359595,-0.9883422,-0.1321001,0.1617343,0.8391763,1.44013,0.1772456,0.4787968,1.031364,0.2931254,295.9157,254.0759,346.8731,False
0,0.4666667,-0.7946239,0.5063103,-0.2400577,-1.465334,-4.46036,-2.946129,0.7321833,1.152377,0.4487495,-1.381372,0.2707417,0.3588633,-0.706135,0.3665658,-0.7647853,1.261275,0.4316595,0.7955472,1.387286,0.3781533,0.3191711,-0.4780768,0.00350105,-0.9895188,-0.138195,0.1613415,0.839421,1.440067,0.1766222,0.4780549,1.03419,0.2933855,295.353,253.7906,347.061,False
0,0.4777778,-0.7871683,0.5041105,-0.2538987,-1.463147,-4.466405,-2.937106,0.7327309,1.152897,0.4486217,-1.380179,0.1065484,0.3620124,-0.7253327,0.3685306,-0.7646852,1.247555,0.4374194,0.7974734,1.387405,0.3777621,0.3233495,-0.4887587,-0.0007714806,-0.9906107,-0.1449607,0.1613513,0.8396702,1.439953,0.1759503,0.4772933,1.036822,0.2938949,294.9049,253.6068,347.2177,False
0,0.4888889,-0.8010319,0.51034,-0.2762965,-1.460608,-4.472976,-2.927212,0.7332839,1.153517,0.4484599,-1.382015,-0.1682987,0.3651266,-0.7551936,0.3704253,-0.7648417,1.232662,0.443922,0.7994825,1.387501,0.3772564,0.3265067,-0.5004847,0.001360196,-0.9914389,-0.1519488,0.1614933,0.8397155,1.440004,0.1752822,0.4761735,1.039422,0.2946707,294.5988,253.5625,347.3825,False
0,0.5,-0.8500831,0.5335848,-0.292394,-1.458337,-4.480491,-2.915178,0.7338417,1.154191,0.4483504,-1.382818,-0.07169577,0.3544207,-0.7636604,0.3672454,-0.7651299,1.218698,0.4503938,0.8013513,1.387528,0.3767202,0.3201818,-0.487739,0.0003823177,-0.9917303,-0.1589562,0.1616986,0.8393863,1.439857,0.1746767,0.4747909,1.042134,0.2957129,294.2515,253.5649,347.6961,False
0,0.5111111,-0.8756726,0.5441685,-0.2956404,-1.456497,-4.487638,-2.903631,0.7341753,1.154783,0.4483047,-1.382186,0.05827202,0.3225634,-0.7390857,0.3708556,-0.7645754,1.206371,0.4569084,0.8032442,1.387553,0.3761842,0.3116724,-0.4706725,-0.008110732,-0.9928632,-0.1644209,0.1614611,0.839555,1.439769,0.1741123,0.4733495,1.045003,0.2970193,293.8062,253.5296,348.1463,False
0,0.5222223,-0.8948114,0.5281288,-0.2997998,-1.454334,-4.493669,-2.892452,0.734411,1.155463,0.448307,-1.380263,0.1754066,0.2940654,-0.6708761,0.3779438,-0.7628587,1.196797,0.4615785,0.8050738,1.387596,0.3757262,0.3063512,-0.4579206,-0.01658105,-0.9938022,-0.1705997,0.1613902,0.8398629,1.439669,0.1736398,0.4718604,1.048058,0.2985534,293.3257,253.4846,348.6278,False
0,0.5333334,-0.9054077,0.4993539,-0.2985571,-1.452286,-4.499021,-2.881353,0.7344747,1.156061,0.4482803,-1.380809,-0.05110625,0.2751237,-0.6079839,0.3817275,-0.76101,1.188081,0.4654796,0.8067385,1.387636,0.375237,0.3053684,-0.4483237,-0.01125907,-0.994467,-0.1763376,0.1611391,0.8401341,1.439511,0.1731718,0.4701953,1.051398,0.3002637,292.8606,253.5116,349.0512,False
0,0.5444446,-0.9085696,0.4833497,-0.3016544,-1.450217,-4.504672,-2.87051,0.7346319,1.156692,0.4482646,-1.381449,-0.05773028,0.2686864,-0.5897782,0.3691178,-0.7605338,1.177629,0.4702386,0.8084553,1.387659,0.3747511,0.2980313,-0.4355026,-0.00270429,-0.994941,-0.1818452,0.16106,0.8404495,1.439526,0.1726463,0.4683517,1.05509,0.3020708,292.2962,253.5887,349.4783,False
0,0.5555557,-0.8935972,0.4448858,-0.3248576,-1.447006,-4.509419,-2.86042,0.7344599,1.157391,0.4482601,-1.38176,-0.02783993,0.2600122,-0.6067055,0.3552068,-0.7609189,1.165477,0.4762912,0.8101134,1.387692,0.3742313,0.290681,-0.421604,0.003716493,-0.995358,-0.1868847,0.160856,0.8407718,1.439428,0.1720192,0.4664634,1.059104,0.3038519,291.5934,253.6126,350.0018,False
0,0.5666668,-0.8604981,0.4000928,-0.3448503,-1.443426,-4.513645,-2.851364,0.7342711,1.158226,0.4482217,-1.382271,-0.0464166,0.2225002,-0.6085089,0.3267172,-0.7618169,1.154777,0.4828008,0.8113323,1.387656,0.3736973,0.2831502,-0.4035037,-0.01650548,-0.9968404,-0.1913128,0.1603239,0.840971,1.439321,0.1714926,0.4646135,1.06333,0.3054689,290.7759,253.584,350.5493,False
0,0.577778,-0.8338224,0.3723443,-0.3617476,-1.439862,-4.518137,-2.842353,0.7341065,1.158891,0.4481084,-1.383098,-0.07511075,0.2011497,-0.5870276,0.3110487,-0.7619277,1.145186,0.4880773,0.8126925,1.387671,0.3731806,0.2799245,-0.3939269,-0.02609313,-0.9981853,-0.1960732,0.1598453,0.8411916,1.43912,0.170871,0.4628895,1.06764,0.3068625,289.9088,253.4055,351.1496,False
0,0.5888891,-0.9265133,0.377426,-0.3745132,-1.436773,-4.523913,-2.828023,0.7340358,1.159762,0.44821,-1.384181,-0.09846856,0.1691846,-0.5270785,0.2850894,-0.7617184,1.138861,0.491925,0.8137895,1.387745,0.3727808,0.269278,-0.375793,-0.03670744,-0.9995744,-0.2001271,0.1593423,0.8413969,1.439104,0.1703649,0.4612424,1.071867,0.3079871,289.0561,252.8937,351.9618,False
0,0.6000003,-0.9307967,0.3902283,-0.3713923,-1.434498,-4.52988,-2.8168,0.7337713,1.160586,0.4483361,-1.384306,-0.01070197,0.1426531,-0.4405412,0.2613982,-0.7608726,1.134761,0.4940792,0.8148189,1.38789,0.3723514,0.252483,-0.3490488,-0.01958557,-0.9995845,-0.2037198,0.1590863,0.8416511,1.439034,0.1699469,0.4597467,1.075862,0.3088693,288.2503,252.1635,352.8931,False
0,0.6111114,-0.917996,0.3752583,-0.3840815,-1.431327,-4.534856,-2.806423,0.7333065,1.161377,0.448277,-1.379213,0.4657331,0.119317,-0.360421,0.240848,-0.7597338,1.131541,0.4958239,0.8157169,1.387948,0.3718274,0.2314207,-0.3201594,-0.004570628,-0.9995248,-0.2068328,0.1589122,0.8418142,1.439006,0.1695826,0.4583773,1.079497,0.3095856,287.5488,251.3677,353.7778,False
0,0.6222225,-0.8849307,0.3571806,-0.3914432,-1.428095,-4.539686,-2.797137,0.7327803,1.162249,0.4482524,-1.38203,-0.2614142,0.09596501,-0.3123522,0.2317808,-0.758709,1.127214,0.4986641,0.8167775,1.388085,0.3713665,0.2197819,-0.2987986,-0.006657866,-1.000084,-0.2098013,0.1584344,0.8420479,1.43891,0.1692092,0.4568459,1.082979,0.3102428,287.1936,250.6828,354.4615,False
0,0.6333337,-0.86787,0.3486894,-0.3914041,-1.425206,-4.544641,-2.787284,0.7323471,1.163053,0.4481223,-1.383341,-0.116992,0.06752548,-0.2548624,0.2494547,-0.7561486,1.123658,0.5014956,0.8175884,1.38823,0.3709741,0.2091143,-0.2891796,-0.01405384,-1.000988,-0.2131518,0.1582557,0.8422453,1.438838,0.1688085,0.4551615,1.086529,0.3109812,286.8292,250.0006,355.2025,False
0,0.6444448,-0.8401644,0.3498778,-0.3807726,-1.422981,-4.549798,-2.778085,0.7316651,1.163866,0.4481044,-1.384527,-0.1077377,0.05508046,-0.2049183,0.2712207,-0.7531223,1.119835,0.5039377,0.8184878,1.388395,0.3706136,0.19625,-0.2763756,-0.0310231,-1.002329,-0.2160916,0.1581595,0.8424518,1.438814,0.1684086,0.4533815,1.090148,0.3118234,286.3459,249.1791,356.2067,False
0,0.655556,-0.8220489,0.3488975,-0.3722514,-1.420789,-4.554846,-2.768756,0.731112,1.16467,0.4480588,-1.384013,0.04772917,0.05509934,-0.1985211,0.2691351,-0.7517033,1.114888,0.5067146,0.8193947,1.388528,0.3702266,0.191909,-0.2753152,-0.04164399,-1.003575,-0.2195664,0.1580237,0.842626,1.438784,0.1680114,0.4516394,1.093776,0.3127839,285.7638,248.298,357.3322,False
0,0.6666671,-0.7975352,0.3544184,-0.3499278,-1.41942,-4.560006,-2.760031,0.730529,1.165374,0.448071,-1.384512,-0.04619978,0.04326209,-0.2047827,0.2563969,-0.7507845,1.109966,0.510214,0.8201592,1.388602,0.3698316,0.1791558,-0.2667379,-0.04262992,-1.004522,-0.2225951,0.1581084,0.8427924,1.438753,0.1676626,0.449934,1.097358,0.3138353,285.1839,247.5369,358.3645,False
0,0.6777782,-0.7836834,0.3555874,-0.3382198,-1.417851,-4.565111,-2.750931,0.7299223,1.166154,0.4481041,-1.384311,0.01875996,0.02176271,-0.2205483,0.236209,-0.7505459,1.104644,0.5143943,0.8207927,1.388585,0.3694642,0.1685839,-0.2539007,-0.03938018,-1.005219,-0.2253422,0.158069,0.8429476,1.438725,0.1673417,0.4481959,1.100866,0.3149597,284.6306,246.8701,359.2993,False
0,0.6888894,-0.7698041,0.3525745,-0.3147603,-1.416926,-4.569749,-2.742307,0.7292327,1.166837,0.4483414,-1.384757,-0.04111509,0.006721616,-0.2417517,0.2287147,-0.7502604,1.098684,0.5191936,0.8214954,1.388622,0.3691146,0.1591008,-0.236814,-0.03614835,-1.00583,-0.2277647,0.1579087,0.8430961,1.438699,0.1670361,0.4465001,1.104278,0.3161445,284.1208,246.2353,0.2198623,False
0,0.7000005,-0.7559268,0.3398758,-0.3061721,-1.415341,-4.574153,-2.733644,0.7286055,1.167572,0.4482219,-1.38428,0.04391833,-0.01158643,-0.2682385,0.2158766,-0.7505427,1.092253,0.5247221,0.8219913,1.388595,0.368768,0.1433656,-0.1983818,-0.02439402,-1.005904,-0.2290405,0.1576653,0.8432016,1.438587,0.1667328,0.4448572,1.107576,0.3173704,283.6287,245.6732,1.069718,False
0,0.7111117,-0.7431203,0.3292804,-0.3007821,-1.413813,-4.578475,-2.725184,0.7279242,1.16831,0.4482782,-1.384481,-0.01898928,-0.02125335,-0.2649272,0.2042558,-0.7503659,1.0873,0.5289275,0.8225466,1.38864,0.368495,0.1338708,-0.1812894,-0.02222677,-1.006305,-0.2307294,0.1574059,0.8433226,1.438546,0.1664867,0.4432347,1.110771,0.3186088,283.1894,245.0688,1.939808,False
0,0.7222228,-0.7122366,0.3421408,-0.2976805,-1.412637,-4.583729,-2.717712,0.7272708,1.168944,0.4481909,-1.384303,0.01647363,-0.02346578,-0.227462,0.1768581,-0.7500277,1.084621,0.5310575,0.8229203,1.388721,0.368403,0.1137068,-0.163103,-0.02211671,-1.006853,-0.2323042,0.1577055,0.8434871,1.438494,0.1662767,0.4416389,1.113878,0.3198339,282.7596,244.5137,2.773407,False
0,0.7333339,-0.6717757,0.3539779,-0.2903021,-1.411834,-4.588926,-2.710797,0.7265685,1.169614,0.4481986,-1.384339,-0.003594226,-0.02990188,-0.1814605,0.1516816,-0.7494796,1.083279,0.5325507,0.8231682,1.388772,0.3682086,0.1031314,-0.1492025,-0.0199352,-1.007193,-0.2337347,0.1576634,0.8436315,1.438393,0.1660359,0.440082,1.116908,0.3209602,282.3621,243.8244,3.781027,False
0,0.7444451,-0.6334677,0.3807654,-0.2787626,-1.411511,-4.594833,-2.703987,0.7259338,1.170146,0.4481735,-1.38532,-0.08979956,-0.04581533,-0.1194874,0.1330738,-0.7483909,1.083472,0.5333278,0.8232514,1.388826,0.3680429,0.09679487,-0.1289389,-0.02524704,-1.007628,-0.2345478,0.1571555,0.8436676,1.438166,0.1658819,0.4385623,1.119885,0.3219684,281.9822,242.9813,4.874408,False
0,0.7555562,-0.6100733,0.4053922,-0.2650634,-1.411666,-4.600784,-2.697075,0.7253038,1.170669,0.4481068,-1.385748,-0.03851262,-0.05533873,-0.0949524,0.1311967,-0.747381,1.081618,0.5355854,0.8234094,1.388855,0.3678095,0.09146295,-0.1193416,-0.0316097,-1.008239,-0.2357021,0.1569164,0.8437444,1.438066,0.165699,0.4370791,1.12279,0.3229115,281.5734,242.0938,5.945026,False
0,0.7666674,-0.5717739,0.442933,-0.2365417,-1.412922,-4.607252,-2.691059,0.7246158,1.17109,0.4479995,-1.385711,0.003455818,-0.06813458,-0.07887055,0.1228882,-0.7466337,1.0804,0.5376651,0.8234603,1.38889,0.3676605,0.07659833,-0.1011735,-0.03579608,-1.008851,-0.2361713,0.1568389,0.8438456,1.437989,0.1655281,0.4356238,1.125577,0.323868,281.1554,241.239,6.941302,False
0,0.7777785,-0.552634,0.4654256,-0.222827,-1.413842,-4.613526,-2.684622,0.7239738,1.171589,0.4480147,-1.385315,0.03593963,-0.07553639,-0.06181214,0.1230683,-0.7456318,1.078881,0.5398134,0.8234797,1.388896,0.3674755,0.06383084,-0.08624137,-0.0442566,-1.009809,-0.2369932,0.156779,0.8440807,1.438092,0.1653666,0.4341774,1.128205,0.3249188,280.7486,240.5217,7.819245,False
0,0.7888896,-0.5058362,0.5201057,-0.1794818,-1.416928,-4.620582,-2.679589,0.723352,1.171823,0.4479644,-1.385954,-0.05899331,-0.07973371,-0.04048588,0.1221894,-0.7444089,1.078117,0.5413504,0.8233718,1.389024,0.3674953,0.05321326,-0.07660805,-0.04526134,-1.010409,-0.2374825,0.1568189,0.8441719,1.438051,0.1652164,0.4326876,1.130684,0.3260974,280.3907,240.1287,8.432012,False
0,0.8000008,-0.4867037,0.5490081,-0.1626276,-1.418887,-4.6276,-2.673699,0.7227745,1.172114,0.4478426,-1.385283,0.06176087,-0.08393006,-0.01809101,0.1202487,-0.7431136,1.07779,0.5425618,0.823383,1.388913,0.3674893,0.04261285,-0.06166507,-0.04734809,-1.011126,-0.2378091,0.1568285,0.8442342,1.438096,0.1651211,0.4311503,1.133016,0.3274309,280.0482,240.0426,8.791207,False
0,0.8111119,-0.447325,0.5780165,-0.1340583,-1.421821,-4.63454,-2.66906,0.7221284,1.17227,0.4477544,-1.386399,-0.1028509,-0.09774531,0.03428485,0.102617,-0.7415646,1.080199,0.5423416,0.8231727,1.388947,0.3675201,0.0224907,-0.03601559,-0.04618293,-1.011539,-0.2374537,0.1571158,0.8442056,1.438105,0.1651185,0.429595,1.135226,0.3289298,279.7546,240.1814,8.953795,False
0,0.8222231,-0.4143091,0.5995992,-0.1001122,-1.425277,-4.641266,-2.664674,0.7214508,1.172345,0.4475806,-1.385339,0.09761718,-0.1063396,0.0824694,0.07213882,-0.7404227,1.083526,0.5412558,0.8229922,1.388937,0.3674729,0.01618765,-0.02000282,-0.04403818,-1.011895,-0.2370322,0.1569188,0.8442352,1.438056,0.1650407,0.4280629,1.137308,0.33061,279.4011,240.7731,8.725966,False
0,0.8333342,-0.3834097,0.6040882,-0.07244983,-1.428607,-4.647342,-2.660542,0.7208142,1.172369,0.447331,-1.386105,-0.07125343,-0.1085558,0.1060717,0.04996097,-0.7394879,1.085812,0.5406885,0.8228166,1.38883,0.3674409,0.007733066,0.0002334723,-0.0493503,-1.012701,-0.2366517,0.1566506,0.8443612,1.437945,0.1650615,0.4265269,1.13926,0.3324197,279.0861,241.3739,8.555811,False
0,0.8444453,-0.4239482,0.6435578,-0.05135721,-1.432557,-4.654711,-2.653652,0.720574,1.172329,0.4470658,-1.386079,0.002870155,-0.0969059,0.1028896,0.04239284,-0.7387433,1.08687,0.5406049,0.8226032,1.38879,0.3674421,0.005645588,0.01515029,-0.05256218,-1.013276,-0.2357836,0.1561883,0.8443687,1.437929,0.1650312,0.4249967,1.14108,0.3343065,278.7513,242.2264,8.159417,False
0,0.8555565,-0.5380868,0.7426214,-0.0177882,-1.438798,-4.664474,-2.642705,0.7202045,1.172211,0.4468572,-1.38586,0.01973215,-0.08419378,0.09437347,0.03584252,-0.7381414,1.087581,0.5405152,0.8222826,1.38874,0.367434,0.001421995,0.02049167,-0.05252954,-1.013618,-0.2353855,0.1559065,0.8442593,1.437812,0.1650226,0.4234852,1.142738,0.3361806,278.4108,243.5077,7.379263,False
0,0.8666676,-0.554141,0.7917741,0.01175287,-1.444843,-4.673206,-2.634859,0.7197118,1.172152,0.4466174,-1.382999,0.2611978,-0.07905982,0.08598764,0.01443538,-0.7382698,1.088851,0.5402867,0.822037,1.388719,0.3674369,-0.004921068,0.02585391,-0.04929659,-1.013962,-0.2347638,0.155858,0.8442434,1.437804,0.1650202,0.4220975,1.144207,0.3379431,278.1104,244.9199,6.460122,False
0,0.8777788,-0.5265018,0.8345614,0.03065839,-1.450769,-4.682087,-2.629272,0.719146,1.172098,0.4463232,-1.378973,0.3658848,-0.09199367,0.08510817,-0.005711425,-0.7383752,1.090576,0.5403583,0.821691,1.388777,0.3674095,-0.006923007,0.03544028,-0.03972548,-1.014192,-0.2344363,0.1556295,0.8443167,1.437828,0.1650112,0.4207724,1.145645,0.339604,277.9522,246.7299,5.01428,False
0,0.8888899,-0.4721603,0.8282877,0.03386962,-1.455537,-4.689587,-2.625023,0.7184565,1.172085,0.4459646,-1.381773,-0.2586128,-0.1004968,0.08084388,-0.001415055,-0.7378916,1.091429,0.5411221,0.8214337,1.388777,0.3674114,-0.01005403,0.04292276,-0.03545512,-1.014292,-0.2335277,0.1553765,0.8443063,1.437827,0.1650677,0.4191684,1.147489,0.3412778,277.9206,249.3293,2.700675,False
0,0.900001,-0.2599967,0.7445692,0.04171148,-1.458797,-4.69414,-2.628324,0.7171818,1.172252,0.4456222,-1.384549,-0.2510473,-0.1120882,0.06687216,0.02094902,-0.736787,1.09088,0.5431602,0.8209921,1.388778,0.3674521,-0.01650605,0.0439842,-0.04606076,-1.015095,-0.232938,0.155209,0.8441867,1.437707,0.1651165,0.4174904,1.149925,0.3430349,277.6886,251.5761,0.8050507,False
0,0.9111122,-0.1512209,0.6731877,0.006934851,-1.460516,-4.699169,-2.629659,0.7166337,1.172203,0.4452481,-1.38584,-0.1162977,-0.1045016,0.04108191,0.04840588,-0.7357483,1.089228,0.5452745,0.8206292,1.388742,0.367528,-0.02083249,0.05567678,-0.06309818,-1.016182,-0.2317323,0.1547542,0.8441684,1.437682,0.1652339,0.4159411,1.152795,0.3448974,277.1223,253.3743,359.4449,False
0,0.9222233,-0.1277456,0.6443667,-0.009952754,-1.462933,-4.705032,-2.628066,0.7159359,1.172319,0.4449561,-1.392645,-0.6216902,-0.09583434,0.02382018,0.07378364,-0.734543,1.087472,0.547262,0.8202673,1.388685,0.3676286,-0.02402119,0.07056029,-0.07163121,-1.017135,-0.2305172,0.1544061,0.8442794,1.437778,0.1652675,0.4145378,1.15579,0.3467529,276.3357,254.8997,358.4513,False
0,0.9333345,-0.1340547,0.6114362,0.007287204,-1.46639,-4.709776,-2.625679,0.7154577,1.172133,0.4447916,-1.3906,0.1915058,-0.101307,0.03465232,0.05046777,-0.7343699,1.088496,0.5478231,0.8197583,1.388539,0.3677564,-0.03883146,0.09299366,-0.07262442,-1.017578,-0.2284183,0.1540692,0.8440967,1.437629,0.1654012,0.4134491,1.158262,0.3484169,275.3208,255.6109,358.2713,False
0,0.9444456,-0.1552924,0.5784087,0.01389353,-1.469394,1.569044,-2.622837,0.7148057,1.172069,0.444622,-1.386589,0.363932,-0.1249654,0.0573746,0.01246122,-0.7346154,1.091135,0.5480178,0.8192298,1.388479,0.3678672,-0.05039274,0.1133055,-0.06405705,-1.017706,-0.2261232,0.1538167,0.8440398,1.437624,0.1655378,0.4126964,1.159672,0.3498255,274.568,256.034,358.2241,False
0,0.9555568,-0.1627336,0.5688178,0.01609036,-1.472595,1.564016,-2.620282,0.7141538,1.171973,0.44438,-1.384753,0.164578,-0.1528551,0.09397259,-0.02754471,-0.7349243,1.095499,0.5474737,0.8186866,1.388469,0.3680191,-0.05564863,0.1197336,-0.05870374,-1.017903,-0.2242782,0.1536095,0.8439872,1.437593,0.1656303,0.4118115,1.160083,0.3510295,274.3784,257.7065,356.7585,False
0,0.9666679,-0.09867172,0.4986248,0.01541415,-1.474185,1.561429,-2.621608,0.7131525,1.171897,0.4443355,-1.383868,0.07969405,-0.1838899,0.1476315,-0.0684659,-0.7350085,1.101558,0.5460346,0.8178931,1.388495,0.3682158,-0.05341488,0.1261227,-0.0480897,-1.017999,-0.2226614,0.1533517,0.8438365,1.437769,0.1656971,0.4107783,1.15976,0.3520747,274.622,260.6555,353.9829,False
0,0.977779,-0.06556927,0.4602802,0.006044522,-1.475938,1.557838,-2.621763,0.7124159,1.171984,0.4441445,-1.384013,-0.01388035,-0.1785197,0.1710798,-0.07260619,-0.7344636,1.105459,0.5447994,0.8172625,1.388496,0.3683724,-0.05344951,0.1282544,-0.05340354,-1.018296,-0.2206824,0.1529477,0.8435024,1.437646,0.1658549,0.4094989,1.159097,0.3529674,275.1163,263.081,351.7399,False
0,0.9888902,-0.04315581,0.4358084,0.004057556,-1.478033,1.554333,-2.621679,0.7116044,1.172044,0.4441059,-1.387469,-0.3159195,-0.1612311,0.2103321,-0.05754177,-0.7326601,1.110281,0.5423823,0.8165905,1.388512,0.3685546,-0.05668778,0.1314489,-0.06084294,-1.018948,-0.2187085,0.1526705,0.8434424,1.437599,0.1659544,0.4080579,1.158433,0.3537575,275.6102,264.6595,350.3394,False
0,1.000001,-0.0250308,0.4272948,-0.000171721,-1.480052,1.550362,-2.621688,0.7108372,1.172103,0.4439175,-1.386402,0.09991983,-0.1503362,0.2474679,-0.04137799,-0.7305652,1.115195,0.5400579,0.8159884,1.388481,0.3686955,-0.0685405,0.1314659,-0.07780141,-1.020216,-0.2167707,0.1529025,0.8435158,1.437611,0.1660943,0.40669,1.157822,0.3544379,275.8807,265.4696,349.6799,False
0,1.011112,-0.0004811324,0.4241384,-0.00121893,-1.482446,1.545897,-2.622133,0.7100595,1.172151,0.4438322,-1.385587,0.0731679,-0.1459757,0.2601837,-0.03386247,-0.728936,1.119564,0.5382656,0.815377,1.388457,0.3688252,-0.07185493,0.1293183,-0.09162152,-1.021497,-0.2149718,0.1528907,0.8434666,1.437535,0.1661859,0.405469,1.157305,0.3550649,276.0944,266.3138,348.9253,False
0,1.022224,0.01974927,0.4231556,0.007291496,-1.485024,1.542294,-2.622773,0.7092341,1.172161,0.4437234,-1.385334,0.02235295,-0.1587606,0.2409939,-0.02643927,-0.7279692,1.121977,0.5386699,0.8147828,1.38835,0.368866,-0.07183904,0.13358,-0.09268776,-1.022154,-0.2128828,0.1525147,0.8434761,1.437333,0.1663892,0.4043134,1.156985,0.3557241,276.2644,267.3214,347.9819,False
0,1.033335,0.02932498,0.4338724,0.01575281,-1.488037,1.538076,-2.623107,0.7085059,1.172132,0.4436579,-1.385513,-0.01666925,-0.1833994,0.1834976,-0.02026861,-0.727941,1.121942,0.5415871,0.8141384,1.388319,0.3689344,-0.07389717,0.1368026,-0.08522115,-1.022566,-0.2108479,0.1523373,0.8434145,1.437309,0.1665418,0.4031886,1.156912,0.3564858,276.3661,268.3465,347.0516,False
0,1.044446,0.01658441,0.4093412,0.01484297,-1.490044,1.534792,-2.622646,0.7078373,1.172035,0.4435883,-1.385373,0.01272204,-0.2135136,0.111202,-0.02694938,-0.7289956,1.120786,0.5458646,0.813476,1.388297,0.3691025,-0.07066539,0.1410839,-0.08099262,-1.022986,-0.2082937,0.1518545,0.8432276,1.437298,0.1667223,0.4020772,1.157073,0.3574229,276.3707,269.639,345.8954,False
0,1.055557,0.03473393,0.39027,0.02666825,-1.49245,1.531942,-2.623322,0.7069582,1.171985,0.4435649,-1.384842,0.04826837,-0.215753,0.1059627,-0.0386853,-0.7290521,1.122821,0.5467432,0.8126968,1.388278,0.3692892,-0.07593873,0.1454217,-0.07456277,-1.023169,-0.2055429,0.1516257,0.8429656,1.437232,0.1668925,0.4009949,1.157387,0.3585173,276.2965,271.4263,344.3196,False
0,1.066668,0.02839684,0.3539149,0.006649345,-1.493311,1.529149,-2.623223,0.7063506,1.17182,0.443562,-1.383723,0.1017495,-0.2082855,0.1443956,-0.05338087,-0.7285019,1.127325,0.545449,0.8119689,1.388144,0.3694496,-0.08546089,0.1454834,-0.06596746,-1.023355,-0.2036106,0.1518811,0.8428288,1.437178,0.1670566,0.3999749,1.157767,0.3597445,276.1826,273.4445,342.5725,False
0,1.077779,0.03589797,0.3315284,0.001449153,-1.494647,1.526391,-2.623677,0.7054318,1.171732,0.4436069,-1.384576,-0.07896055,-0.1998054,0.1700512,-0.0702953,-0.7280757,1.131677,0.5440465,0.8111647,1.387996,0.3695979,-0.08117057,0.1508444,-0.06175473,-1.023612,-0.2005874,0.1514188,0.842811,1.437076,0.1672134,0.3989992,1.158153,0.3610082,276.0812,275.2523,341.0831,False
0,1.08889,0.04981341,0.2953245,0.0005969405,-1.495684,1.524621,-2.624594,0.7046469,1.171621,0.4436314,-1.383792,0.07241536,-0.1850569,0.1925962,-0.101142,-0.7284529,1.137121,0.541463,0.8103759,1.387831,0.369765,-0.0735876,0.1625491,-0.05224967,-1.023516,-0.1979934,0.1506127,0.8427004,1.437046,0.1673629,0.3980463,1.15848,0.3622139,275.9591,276.9546,339.692,False
0,1.100002,0.05411751,0.2783009,0.00282634,-1.496989,1.522481,-2.625274,0.7038739,1.171415,0.4436119,-1.384135,-0.03211224,-0.1776831,0.1937157,-0.1129062,-0.7287543,1.140802,0.5404062,0.8094767,1.387562,0.3699543,-0.0660542,0.1604325,-0.03847377,-1.023465,-0.1957238,0.1501368,0.8428395,1.437101,0.1675289,0.3971533,1.158658,0.3633015,275.8588,277.9604,338.9374,False
0,1.111113,0.0605566,0.251667,0.00085783,-1.497906,1.52086,-2.626044,0.7031157,1.17114,0.4435673,-1.384461,-0.02956285,-0.1853823,0.1779462,-0.1374716,-0.7300034,1.144567,0.5398939,0.8085964,1.387407,0.3702109,-0.06391785,0.1519417,-0.03208177,-1.02341,-0.193646,0.1497738,0.8429556,1.436917,0.1676192,0.3961756,1.158692,0.364258,275.817,278.9285,338.159,False
0,1.122224,0.07013297,0.2581001,0.003999084,-1.499434,1.51807,-2.626863,0.702378,1.170801,0.4433832,-1.384155,0.02820653,-0.2007035,0.1826458,-0.191653,-0.7322282,1.150333,0.538403,0.807761,1.38724,0.3703783,-0.06705184,0.1530373,-0.02460282,-1.023167,-0.1915869,0.1495432,0.8428819,1.436877,0.167769,0.3952344,1.158528,0.365038,275.82,279.906,337.3499,False
0,1.133335,0.07756446,0.2762623,0.01029062,-1.501655,1.515064,-2.627808,0.7017014,1.170478,0.4432437,-1.384047,0.009418923,-0.2071722,0.214797,-0.2148099,-0.7331097,1.157266,0.5357785,0.8068919,1.386984,0.3705473,-0.06816728,0.1562201,-0.03312366,-1.023555,-0.1893061,0.149137,0.8428029,1.436829,0.1679146,0.3943178,1.158158,0.3656333,275.8652,280.7393,336.6505,False
0,1.144446,0.09135307,0.3147401,0.02709633,-1.504715,1.511369,-2.629007,0.700999,1.170103,0.4430914,-1.384068,-0.002039533,-0.1953886,0.2948274,-0.2377771,-0.7330543,1.167783,0.529936,0.8060086,1.386839,0.3706167,-0.07249787,0.1562375,-0.03948975,-1.024088,-0.1869803,0.149169,0.8427486,1.436994,0.168035,0.3934211,1.1576,0.3660487,275.947,281.2591,336.2192,False
0,1.155557,0.1030313,0.3382359,0.03335139,-1.507501,1.507795,-2.630295,0.7003255,1.169782,0.442914,-1.384106,-0.003534841,-0.1666653,0.3172025,-0.2516958,-0.7338127,1.175465,0.5251729,0.8051495,1.386474,0.3709333,-0.06706689,0.1594501,-0.02676556,-1.023797,-0.1846083,0.1485794,0.8427172,1.437005,0.168138,0.3924978,1.156909,0.3663728,276.0878,281.7735,335.7294,False
0,1.166668,0.1200497,0.3553627,0.04176097,-1.510382,1.5042,-2.63198,0.6997029,1.169452,0.4427569,-1.384294,-0.01717108,-0.1519248,0.2895343,-0.2626623,-0.7354649,1.180922,0.5223016,0.8043607,1.386099,0.3710349,-0.06153987,0.1733132,-0.008726688,-1.022941,-0.1819466,0.1476568,0.842644,1.437036,0.1683316,0.3915484,1.156159,0.366725,276.2872,282.5347,334.9567,False
0,1.17778,0.1221813,0.3532196,0.03964455,-1.512535,1.501125,-2.633186,0.6990641,1.169081,0.4426899,-1.384264,0.00273554,-0.1638182,0.2373783,-0.2640146,-0.7376487,1.184213,0.5221535,0.8034495,1.385825,0.3713005,-0.06570071,0.1850839,-0.002328046,-1.022417,-0.1787795,0.1469333,0.8425508,1.436904,0.1684806,0.3905564,1.155415,0.36722,276.4993,283.6174,333.8983,False
0,1.188891,0.1094066,0.343512,0.02373318,-1.514044,1.497963,-2.633804,0.6984804,1.168663,0.4426725,-1.384512,-0.02282709,-0.186207,0.1690818,-0.2376999,-0.7394181,1.184808,0.5245641,0.8026584,1.385526,0.3714972,-0.07412794,0.19898,0.001968255,-1.021843,-0.175668,0.1464328,0.8424756,1.436872,0.1686497,0.3895767,1.154712,0.3679039,276.6958,284.7085,332.9155,False
0,1.200002,0.1073032,0.3253626,0.0174519,-1.515491,1.495325,-2.634736,0.6978688,1.168202,0.4426155,-1.383895,0.05662579,-0.1849927,0.1646706,-0.2174976,-0.7399876,1.188452,0.5237626,0.8018467,1.385291,0.3716996,-0.07411647,0.2085939,-0.0001763683,-1.021436,-0.1721329,0.1455705,0.8422215,1.436897,0.1688683,0.3886704,1.154047,0.3687796,276.8401,285.8645,331.9399,False
0,1.211113,0.100923,0.3167917,0.0111223,-1.517061,1.492479,-2.635483,0.6972708,1.167709,0.442595,-1.383157,0.06683457,-0.167793,0.1869095,-0.2068165,-0.7402288,1.193488,0.5212906,0.8010044,1.384984,0.3718967,-0.08059487,0.2096616,-0.01184829,-1.021613,-0.1693536,0.1452568,0.8421633,1.436845,0.1690183,0.3878291,1.153404,0.3698055,276.9337,286.8549,331.1768,False
0,1.222224,0.1009268,0.3146551,0.01006599,-1.518767,1.489479,-2.636434,0.696664,1.167296,0.4425392,-1.383344,-0.01760602,-0.1292198,0.2464176,-0.2034895,-0.7397191,1.201429,0.5153899,0.8000755,1.384722,0.3721862,-0.08075127,0.1968618,-0.02460712,-1.022067,-0.1670424,0.1449902,0.842222,1.436799,0.1691806,0.3870319,1.152793,0.3709349,277.0051,287.6702,330.6166,False
0,1.233335,0.1083699,0.3264583,0.02171674,-1.521418,1.486247,-2.637803,0.6960589,1.166891,0.4425344,-1.383197,0.01364786,-0.1078096,0.2954148,-0.2107636,-0.7395992,1.209926,0.5096505,0.7992507,1.384446,0.3724761,-0.07764235,0.1872664,-0.02993906,-1.022253,-0.1645699,0.1444919,0.8421718,1.43688,0.1694276,0.3862681,1.152211,0.3720904,277.0593,288.6408,329.9237,False
0,1.244446,0.1115202,0.3542733,0.03965805,-1.524757,1.482396,-2.638932,0.6955103,1.166589,0.4423647,-1.383382,-0.01701481,-0.1014484,0.2836687,-0.2098319,-0.7402645,1.215402,0.506546,0.7985201,1.384247,0.3726687,-0.06809757,0.172316,-0.02678452,-1.022234,-0.1628954,0.1440744,0.8421084,1.436885,0.1695876,0.385502,1.151657,0.3732178,277.1273,289.7086,329.121,False
0,1.255558,0.1146839,0.3745808,0.05019307,-1.527909,1.478636,-2.640165,0.6949261,1.166247,0.4422648,-1.383805,-0.03861362,-0.1026186,0.2506592,-0.2100585,-0.7414054,1.219434,0.50477,0.7976639,1.383945,0.3727918,-0.0638211,0.1701789,-0.02361273,-1.022057,-0.1606081,0.1434671,0.8420479,1.436967,0.1697752,0.3847118,1.151141,0.3742886,277.2234,290.7927,328.267,False
0,1.266669,0.1157115,0.3991608,0.06282897,-1.531497,1.474479,-2.64134,0.6944165,1.165955,0.4421639,-1.383585,0.02049741,-0.1145737,0.1836008,-0.2125803,-0.743659,1.221096,0.5052227,0.7969365,1.383784,0.3729322,-0.06167517,0.1627258,-0.01722143,-1.021809,-0.1587582,0.1431321,0.8419463,1.436994,0.1699376,0.3839063,1.150668,0.3753108,277.3562,292.1732,327.0845,False
0,1.27778,0.1135786,0.3991856,0.06922285,-1.534418,1.471183,-2.642339,0.6938324,1.165672,0.4420986,-1.383593,-0.001060355,-0.1413395,0.1346488,-0.207395,-0.7454257,1.222728,0.5066264,0.7963649,1.38374,0.373034,-0.06058348,0.1595392,-0.01189699,-1.021551,-0.1567467,0.1427177,0.8419905,1.437091,0.1699941,0.3830833,1.150256,0.376298,277.515,293.6546,325.8068,False
0,1.288891,0.1093834,0.3640289,0.07050119,-1.536522,1.469065,-2.643358,0.6931878,1.165516,0.4420497,-1.383505,0.008035115,-0.1582932,0.1346195,-0.1955455,-0.7462769,1.225954,0.5066041,0.795671,1.383636,0.3731706,-0.06583555,0.1670315,-0.006545979,-1.021141,-0.1542773,0.1423417,0.8418869,1.437116,0.1701496,0.3822617,1.149896,0.3772677,277.6483,295.0043,324.6412,False
0,1.300002,0.1084197,0.3117766,0.06336121,-1.537788,1.467798,-2.644639,0.6925551,1.165294,0.4419956,-1.383248,0.02345643,-0.1644007,0.1450699,-0.1634572,-0.7457671,1.229406,0.5060486,0.7949495,1.383405,0.3732834,-0.07111613,0.1702715,-0.001183912,-1.020656,-0.1517866,0.1421627,0.8418187,1.43701,0.1702924,0.3814692,1.149584,0.3782514,277.7716,296.3588,323.4647,False
0,1.311113,0.09784765,0.2637507,0.05194767,-1.538821,1.466627,-2.645394,0.6919395,1.165108,0.4418175,-1.383185,0.005516668,-0.1492403,0.1522811,-0.1347599,-0.7453501,1.232561,0.5048528,0.7941616,1.383276,0.3732531,-0.063789,0.1510493,-0.007592118,-1.020784,-0.1505038,0.1419068,0.8417393,1.437006,0.1703899,0.3806946,1.149309,0.3792147,277.8748,297.5604,322.4795,False
0,1.322224,0.08508758,0.2433953,0.03716259,-1.539754,1.464766,-2.645795,0.6913944,1.164896,0.4417005,-1.38341,-0.02061833,-0.1425718,0.1562756,-0.1006912,-0.7444473,1.234985,0.5044323,0.7934053,1.383143,0.3732398,-0.06922895,0.1436155,-0.01712144,-1.021034,-0.1485134,0.1418964,0.8416101,1.436994,0.1704953,0.3799578,1.149055,0.3800555,277.9472,298.4749,321.8106,False
0,1.333336,0.07124552,0.2326168,0.02018804,-1.540548,1.462508,-2.646042,0.6908662,1.164596,0.4415619,-1.382911,0.04586524,-0.1572148,0.1742414,-0.07274888,-0.7431668,1.238355,0.5042336,0.7926428,1.382908,0.373246,-0.07358955,0.1329822,-0.02238804,-1.02118,-0.1468836,0.1421702,0.8415582,1.436944,0.1705315,0.3792996,1.148771,0.3806675,277.9741,299.1927,321.3144,False
0,1.344447,0.05311528,0.2388921,0.006312408,-1.541556,1.459793,-2.645957,0.6902741,1.164291,0.4415224,-1.382557,0.03195473,-0.1719444,0.1848055,-0.05338266,-0.7419721,1.241535,0.5042672,0.7918596,1.382722,0.3732836,-0.07139663,0.1287339,-0.01174258,-1.020791,-0.145423,0.1421563,0.8414426,1.436948,0.1706448,0.3786733,1.148448,0.3810101,278.0115,299.6125,321.0261,False
0,1.355558,0.04459426,0.2367339,0.005263641,-1.542826,1.457577,-2.646133,0.6896502,1.163917,0.4415255,-1.382458,0.008915827,-0.1741683,0.1742151,-0.0609027,-0.7421458,1.244321,0.5042235,0.7911372,1.382496,0.3733544,-0.06490103,0.1319385,-7.414632E-05,-1.020065,-0.1434124,0.1415944,0.8413306,1.436973,0.1708388,0.378041,1.148107,0.3811635,278.0513,299.6739,320.9667,False
0,1.366669,0.04356,0.2229333,0.01386895,-1.544158,1.455988,-2.646558,0.6889071,1.163569,0.4415703,-1.382235,0.02037596,-0.1733146,0.2000548,-0.09907561,-0.7427519,1.249992,0.501963,0.7902842,1.382289,0.3735003,-0.06792852,0.1522128,0.0094935,-1.019339,-0.1407049,0.1409776,0.8412122,1.43694,0.1709509,0.3773608,1.147765,0.3812635,278.0794,299.5711,320.9875,False
0,1.37778,0.0403804,0.2251431,0.02770218,-1.546054,1.454005,-2.64701,0.688114,1.163257,0.4416196,-1.382563,-0.03003342,-0.1619072,0.2441238,-0.1574356,-0.743881,1.258159,0.4974093,0.7893656,1.382102,0.3735893,-0.06795429,0.1500805,0.007368453,-1.019111,-0.1388126,0.1407526,0.8411317,1.436951,0.1710606,0.3765847,1.147458,0.3814629,278.1161,299.5551,320.9072,False
0,1.388891,0.04571979,0.2198747,0.03519506,-1.547796,1.452304,-2.647651,0.6873721,1.162989,0.4415462,-1.382918,-0.03217644,-0.15133,0.2687365,-0.1775811,-0.7444227,1.264989,0.4937008,0.7885911,1.381904,0.3737299,-0.07018548,0.1383591,0.001018317,-1.01913,-0.13746,0.1408887,0.8410261,1.436935,0.1711948,0.3757561,1.147187,0.3818262,278.1508,299.9204,320.5248,False
0,1.400002,0.04467341,0.2103241,0.04163815,-1.549238,1.450812,-2.648026,0.6866691,1.162803,0.4414823,-1.383039,-0.01070935,-0.1301669,0.2655981,-0.1948107,-0.7453932,1.27037,0.4904642,0.7877535,1.381833,0.3739769,-0.06598176,0.1361972,-0.005393138,-1.019091,-0.1357554,0.1405576,0.8408387,1.436924,0.1713302,0.374874,1.146941,0.3823399,278.1934,300.5844,319.9317,False
0,1.411114,0.03510521,0.2006838,0.03743608,-1.550231,1.449342,-2.648116,0.686002,1.162804,0.4413648,-1.383252,-0.01944352,-0.1131104,0.2356151,-0.180239,-0.7458411,1.273489,0.4889396,0.7871259,1.381865,0.3741026,-0.06709409,0.1393823,-0.0139108,-1.01924,-0.1337104,0.1402295,0.8406938,1.437015,0.1714582,0.3739544,1.146714,0.3829808,278.2643,301.4579,319.1993,False
0,1.422225,0.03405913,0.1867695,0.02686691,-1.550997,1.44787,-2.648409,0.6853188,1.162763,0.4412014,-1.383018,0.02158268,-0.1067709,0.1672559,-0.1584094,-0.7469267,1.273647,0.4897774,0.7865239,1.381832,0.374151,-0.07555293,0.1426299,-0.007460916,-1.018873,-0.1317619,0.1403299,0.8405206,1.437042,0.1716197,0.3730886,1.146489,0.3836706,278.3438,302.3121,318.5509,False
0,1.433336,0.03620578,0.175009,0.01948245,-1.551769,1.446524,-2.648879,0.6847122,1.16273,0.4410424,-1.382732,0.02592463,-0.1142801,0.1192436,-0.1437846,-0.7479967,1.274398,0.4909351,0.7858377,1.381655,0.3741939,-0.07973531,0.1490554,-0.001050125,-1.018383,-0.1295861,0.1402061,0.8403748,1.437098,0.1717629,0.3722961,1.146279,0.3843296,278.4423,302.8762,318.2024,False
0,1.444447,0.0362448,0.1515283,0.01216573,-1.552091,1.445684,-2.649254,0.6839737,1.162736,0.440923,-1.382955,-0.02050763,-0.143981,0.07006869,-0.1066233,-0.7483376,1.273027,0.4946113,0.785199,1.381681,0.374208,-0.07965548,0.152274,0.007470362,-1.017664,-0.1274964,0.139967,0.840212,1.437145,0.1718528,0.3715498,1.146138,0.384899,278.5428,303.1086,318.1647,False
0,1.455558,0.03522043,0.1302056,0.009099394,-1.552545,1.444964,-2.649634,0.6832114,1.162702,0.4408946,-1.383194,-0.02164133,-0.1577644,0.06363693,-0.09484321,-0.7486225,1.274406,0.4958489,0.7844994,1.381588,0.3741965,-0.07754967,0.1469369,0.006391574,-1.017582,-0.1258148,0.1397672,0.8401213,1.437143,0.1719973,0.3708447,1.146082,0.3853462,278.5967,303.3485,318.0754,False
0,1.466669,0.03741463,0.09829585,0.01674626,-1.552924,1.44521,-2.650128,0.6824271,1.162726,0.4408202,-1.38313,0.006047921,-0.1627117,0.09856157,-0.06046129,-0.7470188,1.277009,0.4959458,0.7837771,1.381674,0.3741879,-0.07759608,0.1384124,0.005344449,-1.017359,-0.1243728,0.139866,0.83994,1.437175,0.1720572,0.370181,1.146091,0.3856566,278.6069,303.7085,317.8195,False
0,1.47778,0.03855899,0.05462699,0.01807081,-1.552709,1.446095,-2.650557,0.6816599,1.162731,0.4407194,-1.383138,-0.0008012666,-0.1593695,0.1240562,-0.05177866,-0.7462337,1.280211,0.4952366,0.7831012,1.381654,0.3741825,-0.07656228,0.1256223,0.007493513,-1.017106,-0.1233969,0.1400341,0.8398056,1.437207,0.1720915,0.3694681,1.146142,0.385825,278.5818,304.008,317.5706,False
0,1.488891,0.03970331,0.01310346,0.02151693,-1.552475,1.447327,-2.651062,0.6808729,1.162821,0.4406958,-1.383248,-0.01005176,-0.1549598,0.1591653,-0.04729757,-0.7451066,1.284432,0.4936851,0.782357,1.38175,0.3742185,-0.08415253,0.09795581,0.006543783,-1.017022,-0.1232625,0.1411832,0.8396746,1.437191,0.1720953,0.3687041,1.146201,0.3858664,278.5573,304.3095,317.2754,False
0,1.500003,0.04829936,-0.02948636,0.02176536,-1.551933,1.448843,-2.651824,0.6800936,1.162869,0.4406726,-1.383191,0.005337869,-0.1580542,0.1665646,-0.03763001,-0.744231,1.287163,0.4935109,0.7816372,1.381914,0.3742621,-0.09376435,0.09372742,0.005559438,-1.016921,-0.1222956,0.1419782,0.8395771,1.437195,0.1721795,0.3679452,1.146235,0.3857413,278.5438,304.573,317.0273,False
0,1.511114,0.0526148,-0.05823743,0.02299981,-1.551435,1.450401,-2.652579,0.6793184,1.162951,0.4406209,-1.383257,-0.0060634,-0.1591372,0.1687217,-0.04080208,-0.7437969,1.290055,0.4931597,0.7808853,1.381999,0.3742719,-0.09801546,0.09800406,0.004517186,-1.016741,-0.1208744,0.1424466,0.8394288,1.437243,0.1723316,0.3672288,1.146212,0.3854028,278.5306,304.5366,317.049,False
0,1.522225,0.06440125,-0.09125276,0.01893911,-1.550753,1.452021,-2.653263,0.6786554,1.162932,0.4406235,-1.383511,-0.02324354,-0.1753606,0.1551151,-0.06634719,-0.7447066,1.292844,0.4935956,0.7800087,1.382001,0.3743837,-0.1086283,0.1044471,0.005646825,-1.016487,-0.1192614,0.1430826,0.8392036,1.437195,0.1725235,0.3665427,1.146136,0.3848579,278.5307,304.2127,317.2815,False
0,1.533336,0.06547405,-0.1051489,0.01262586,-1.549785,1.453695,-2.65441,0.6778722,1.162923,0.4404933,-1.383507,0.0005642334,-0.1840349,0.1574253,-0.08650669,-0.7452196,1.296426,0.4932997,0.7791287,1.382055,0.3743904,-0.1149805,0.1119346,0.005679468,-1.016225,-0.1175277,0.1435646,0.8390265,1.437204,0.172641,0.3658882,1.145991,0.3841431,278.5272,303.7269,317.6122,False
0,1.544447,0.07080398,-0.1126934,-0.003313761,-1.548553,1.454764,-2.655385,0.6768963,1.162848,0.4403732,-1.383403,0.009472463,-0.1980503,0.1693807,-0.1129458,-0.7460313,1.300754,0.4927865,0.7780867,1.381921,0.3743055,-0.1244913,0.1258294,0.00785761,-1.015774,-0.1154499,0.1441588,0.8388062,1.437161,0.1727645,0.3652641,1.145775,0.3833195,278.5297,303.1314,318.0081,False
0,1.555558,0.07078531,-0.1074001,-0.009729505,-1.547977,1.45546,-2.656098,0.6760858,1.162829,0.4403379,-1.383819,-0.03815718,-0.1969689,0.2024838,-0.1244284,-0.745903,1.306117,0.4909631,0.7771705,1.381879,0.3741903,-0.1244522,0.1354145,0.006769747,-1.015519,-0.1133869,0.1443412,0.8386356,1.437192,0.1729045,0.3646811,1.145476,0.3824556,278.5287,302.4681,318.4648,False
0,1.566669,0.07608744,-0.0978666,-0.02044285,-1.547096,1.455818,-2.657139,0.6751782,1.162582,0.4402952,-1.383654,0.01539326,-0.1873145,0.2729142,-0.1453007,-0.7454364,1.314626,0.4864376,0.7761155,1.381669,0.3741283,-0.127542,0.1535454,0.009951361,-1.014984,-0.1107453,0.1444357,0.8384382,1.437203,0.1730316,0.3640183,1.145093,0.3816048,278.5084,301.7596,318.9951,False
0,1.577781,0.07927194,-0.08829036,-0.02369893,-1.546499,1.456219,-2.658226,0.6742511,1.162287,0.4402809,-1.383334,0.029112,-0.1776498,0.3230436,-0.1567355,-0.7448893,1.322871,0.4819637,0.7751738,1.381504,0.3740931,-0.1210419,0.1684428,0.0162609,-1.014304,-0.1081674,0.1442914,0.8382835,1.437247,0.1730409,0.3631862,1.144621,0.380852,278.5105,300.9222,319.642,False
0,1.588892,0.08035355,-0.09681772,-0.02470962,-1.545651,1.457307,-2.659199,0.6733074,1.162128,0.4403977,-1.383606,-0.0251535,-0.1627578,0.3540034,-0.1726069,-0.7447583,1.331109,0.4771615,0.7741604,1.381315,0.3740878,-0.1156768,0.1716213,0.01940923,-1.013706,-0.1059015,0.1441851,0.8381099,1.437241,0.173178,0.3622875,1.144082,0.3802855,278.5623,300.1301,320.255,False
0,1.600003,0.08676625,-0.1085314,-0.02677971,-1.544533,1.458441,-2.660404,0.6723961,1.161957,0.4403937,-1.383651,-0.003875678,-0.161926,0.3317809,-0.1930135,-0.7459264,1.336551,0.4750089,0.7732095,1.381207,0.3741961,-0.1103489,0.1886217,0.009742608,-1.013599,-0.1028144,0.1435934,0.8380228,1.437285,0.1733854,0.361353,1.143463,0.379959,278.5849,299.5344,320.7393,False
0,1.611114,0.09319063,-0.1266367,-0.02879875,-1.543386,1.460043,-2.661718,0.6715754,1.161868,0.4404635,-1.383478,0.01575541,-0.1673851,0.3041397,-0.1984982,-0.7469559,1.341283,0.4735737,0.7723187,1.381113,0.3742516,-0.1199581,0.2078053,-0.005137688,-1.013756,-0.09940382,0.1433718,0.8378827,1.437305,0.173631,0.3604236,1.142758,0.3798677,278.6358,299.1291,321.1163,False
0,1.622225,0.1210042,-0.1926844,-0.03694512,-1.539752,1.464817,-2.665266,0.6700258,1.162073,0.4403663,-1.383651,-0.01593069,-0.1484834,0.2380898,-0.2055084,-0.7495222,1.348858,0.4708607,0.770623,1.381088,0.3744078,-0.1379086,0.2334586,0.0002687993,-1.012856,-0.09265124,0.1433545,0.8376417,1.437413,0.1739757,0.3595296,1.141998,0.3799355,278.7363,298.6556,321.6489,False
0,1.633336,0.1210042,-0.1926844,-0.03694512,-1.539752,1.464817,-2.665266,0.6700258,1.162073,0.4403663,-1.385334,-0.1538634,-0.1484834,0.2380898,-0.2055084,-0.7495222,1.348858,0.4708607,0.770623,1.381088,0.3744078,-0.1379086,0.2334586,0.0002687993,-1.012856,-0.09265124,0.1433545,0.8376417,1.437413,0.1739757,0.3586018,1.141223,0.3800277,278.8314,298.1047,322.3652,False
0,1.644447,0.1424102,-0.2491945,-0.05047029,-1.535131,1.470508,-2.669276,0.6684812,1.162146,0.4401488,-1.382477,0.2624862,-0.1675774,0.1718512,-0.1674866,-0.7508117,1.353351,0.4718647,0.7686192,1.38108,0.3743386,-0.1432024,0.2271035,0.0088559,-1.01153,-0.08713397,0.1438051,0.8372668,1.43749,0.1743367,0.3577346,1.140377,0.3799306,278.8984,297.3392,323.2448,False
0,1.655559,0.1605605,-0.272626,-0.05566518,-1.532739,1.473504,-2.671731,0.6678125,1.16213,0.4399276,-1.385823,-0.3084574,-0.19092,0.1611606,-0.1503417,-0.7511403,1.356176,0.4727287,0.7676229,1.381225,0.3742511,-0.1432573,0.2207035,0.005676478,-1.011249,-0.08456895,0.1440501,0.8369299,1.437497,0.1744659,0.3572244,1.13954,0.3796453,279.1124,296.5307,324.1109,False
0,1.66667,0.163766,-0.274752,-0.05565392,-1.530809,1.475995,-2.673842,0.6670237,1.16203,0.4398785,-1.384063,0.1637562,-0.2036816,0.1718581,-0.1512334,-0.7516852,1.360272,0.4724685,0.7665789,1.381288,0.374248,-0.1401315,0.2068295,0.003551037,-1.011022,-0.0825315,0.1443164,0.8367766,1.437436,0.174597,0.3566033,1.13871,0.3789416,279.1132,295.255,325.4589,False
0,1.677781,0.1818413,-0.2533667,-0.04833323,-1.529702,1.477676,-2.676574,0.6663769,1.161967,0.4398191,-1.384231,-0.01718171,-0.2194341,0.2272691,-0.1453902,-0.7510173,1.367059,0.4704756,0.765494,1.381442,0.3742583,-0.1466738,0.1823457,-0.001674417,-1.011029,-0.08114412,0.1454589,0.8366225,1.437472,0.1747196,0.3560522,1.13781,0.377835,279.1496,294.0184,326.5388,False
0,1.688892,0.1818413,-0.2533667,-0.04833323,-1.529702,1.477676,-2.676574,0.6663769,1.161967,0.4398191,-1.383841,0.03584177,-0.2194341,0.2272691,-0.1453902,-0.7510173,1.367059,0.4704756,0.765494,1.381442,0.3742583,-0.1466738,0.1823457,-0.001674417,-1.011029,-0.08114412,0.1454589,0.8366225,1.437472,0.1747196,0.3555967,1.136838,0.3764326,279.2105,292.6965,327.545,False
0,1.700003,0.2009503,-0.2160014,-0.04004378,-1.529077,1.47867,-2.679469,0.6657672,1.161857,0.4398172,-1.381762,0.189785,-0.21273,0.3145851,-0.1426663,-0.7493289,1.376362,0.4656878,0.7643873,1.381473,0.3741226,-0.1520272,0.1717128,0.0005208049,-1.010705,-0.07942519,0.1463572,0.8363315,1.437419,0.1749792,0.3552123,1.135815,0.3749529,279.3484,291.2339,328.5294,False
0,1.711114,0.2179503,-0.1892913,-0.03275514,-1.528474,1.479675,-2.682497,0.6651353,1.161746,0.4399188,-1.384234,-0.2275659,-0.2030532,0.35401,-0.147788,-0.7486992,1.38451,0.46163,0.763316,1.381422,0.3739967,-0.1487684,0.1749071,0.006880999,-1.010095,-0.07703114,0.1466169,0.8361566,1.437453,0.1751549,0.3549677,1.134908,0.3737006,279.622,289.9518,329.343,False
0,1.722225,0.2318152,-0.2053381,-0.04864784,-1.52489,1.483454,-2.688124,0.6637874,1.161429,0.4401312,-1.384674,-0.03813599,-0.1910259,0.3311716,-0.2353958,-0.7522503,1.398473,0.4552711,0.7613841,1.380949,0.3738141,-0.1369402,0.1865851,0.01422411,-1.008932,-0.07193171,0.1465846,0.8358486,1.4375,0.1755507,0.3546372,1.134159,0.3727779,279.7367,288.9904,330.0239,False
0,1.733337,0.2318152,-0.2053381,-0.04864784,-1.52489,1.483454,-2.688124,0.6637874,1.161429,0.4401312,-1.387418,-0.2509482,-0.1910259,0.3311716,-0.2353958,-0.7522503,1.398473,0.4552711,0.7613841,1.380949,0.3738141,-0.1369402,0.1865851,0.01422411,-1.008932,-0.07193171,0.1465846,0.8358486,1.4375,0.1755507,0.3541175,1.133461,0.3722202,279.7111,288.4495,330.4222,False
0,1.744448,0.22868,-0.2481476,-0.07928894,-1.521125,1.486541,-2.690692,0.6630833,1.161195,0.4402175,-1.381655,0.5288318,-0.2163708,0.2358729,-0.3040749,-0.7576768,1.401325,0.4564834,0.7603307,1.380714,0.3737442,-0.134821,0.1908239,0.00994218,-1.008607,-0.06935924,0.1466153,0.8357565,1.437503,0.1756613,0.3535105,1.132545,0.3719711,279.5876,288.1542,330.6418,False
0,1.755559,0.2265854,-0.2803408,-0.1185072,-1.517062,1.489113,-2.693279,0.6624094,1.160902,0.4402816,-1.383537,-0.1768137,-0.2262383,0.1774031,-0.3161362,-0.7608837,1.403873,0.4574347,0.7592466,1.380605,0.3737581,-0.1316329,0.2003822,0.002439591,-1.008487,-0.06635878,0.1462986,0.8355696,1.437481,0.1758528,0.3531086,1.131461,0.3720191,279.7964,287.897,330.9267,False
0,1.76667,0.2319124,-0.2911746,-0.1504051,-1.513061,1.491121,-2.696116,0.6617907,1.16063,0.4403706,-1.38365,-0.008335688,-0.2111472,0.1985591,-0.3022494,-0.7621616,1.409418,0.4552131,0.7582333,1.380421,0.3737574,-0.1411289,0.2238548,0.0003343088,-1.008074,-0.06264713,0.146137,0.835369,1.437414,0.1761835,0.3527323,1.130291,0.372194,279.9342,287.0886,331.9173,False
0,1.777781,0.268096,-0.2751805,-0.160115,-1.507212,1.494479,-2.703237,0.6606176,1.160297,0.4405148,-1.383624,0.002254128,-0.1101133,0.3533938,-0.2507624,-0.7605062,1.428374,0.4409827,0.756162,1.380122,0.3735809,-0.1577473,0.2889424,0.01737313,-1.006027,-0.053482,0.1451758,0.8348868,1.437422,0.1766672,0.3523809,1.128987,0.3722873,279.9929,285.7948,333.395,False
0,1.788892,0.2915059,-0.2569334,-0.1453211,-1.505425,1.496023,-2.70734,0.6601863,1.160292,0.4405425,-1.386829,-0.2931943,-0.09915507,0.4011558,-0.2313209,-0.7596124,1.437461,0.4351877,0.7551522,1.380054,0.3734081,-0.1417277,0.2952605,0.01830352,-1.005309,-0.04952534,0.1440344,0.8347161,1.437477,0.1768463,0.3519343,1.127515,0.3721896,279.9869,284.1393,335.1544,False
0,1.800003,0.3096108,-0.2482754,-0.1283372,-1.503628,1.497939,-2.711506,0.659722,1.160228,0.4405961,-1.384936,0.175421,-0.1043943,0.3925468,-0.2164317,-0.759761,1.44409,0.431798,0.7542874,1.379999,0.3733127,-0.1354319,0.2845681,0.0118868,-1.005015,-0.04627748,0.1435662,0.8345294,1.437464,0.1770523,0.3514049,1.125679,0.3718397,279.9477,282.0608,337.1562,False
0,1.811115,0.3117494,-0.2492796,-0.11768,-1.501517,1.500219,-2.715161,0.6593096,1.160111,0.4407332,-1.384594,0.02933387,-0.1505276,0.2647753,-0.2042207,-0.7619373,1.443496,0.4354785,0.7535535,1.379846,0.3732767,-0.1240887,0.2343986,-0.007274793,-1.005668,-0.04518639,0.144004,0.8344107,1.437387,0.1772153,0.3509839,1.123551,0.3713775,280.3213,280.9347,338.0667,False
0,1.822226,0.3000199,-0.2439984,-0.1219676,-1.499049,1.501894,-2.718231,0.6589429,1.15999,0.4408195,-1.384445,0.01335826,-0.1740325,0.1922556,-0.1821919,-0.7631778,1.444339,0.4375555,0.7527425,1.379767,0.3733141,-0.1274333,0.2162808,-0.01680177,-1.005884,-0.04292297,0.1442858,0.8342427,1.437371,0.1773384,0.350843,1.122259,0.3711717,280.4197,279.8587,339.1722,False
0,1.833337,0.2861479,-0.2366385,-0.133719,-1.496356,1.50336,-2.721073,0.6586422,1.159865,0.4409294,-1.383761,0.06238793,-0.1651643,0.139542,-0.1155263,-0.7624087,1.443309,0.4398975,0.7520581,1.379758,0.3733296,-0.1317303,0.2173542,-0.02209782,-1.005961,-0.0400108,0.1443428,0.8339436,1.437373,0.1775563,0.350949,1.12181,0.3711337,280.3129,280.0127,339.0692,False
0,1.844448,0.2861479,-0.2366385,-0.133719,-1.496356,1.50336,-2.721073,0.6586422,1.159865,0.4409294,-1.383075,0.06216964,-0.1651643,0.139542,-0.1155263,-0.7624087,1.443309,0.4398975,0.7520581,1.379758,0.3733296,-0.1317303,0.2173542,-0.02209782,-1.005961,-0.0400108,0.1443428,0.8339436,1.437373,0.1775563,0.3511361,1.121554,0.3710767,280.1229,279.9835,339.1128,False
0,1.855559,0.2765533,-0.2292109,-0.1369535,-1.493981,1.504753,-2.724077,0.6581861,1.159668,0.4409628,-1.380149,0.2671517,-0.1126423,0.1572365,-0.08171207,-0.76119,1.446774,0.4367933,0.7511349,1.379749,0.373311,-0.1442798,0.2419378,-0.005003312,-1.004856,-0.03606027,0.1443404,0.8336114,1.437458,0.1777298,0.3513169,1.121364,0.3710166,279.9339,279.7318,339.3279,False
0,1.86667,0.2765214,-0.2035545,-0.1221878,-1.490327,1.507435,-2.730498,0.6574954,1.159382,0.440938,-1.382767,-0.2414642,-0.06129611,0.2113767,-0.07745344,-0.7599692,1.456024,0.4300052,0.7493453,1.379688,0.3732481,-0.1250623,0.2152543,0.0162108,-1.003234,-0.0313474,0.1441289,0.8328974,1.437567,0.1780422,0.3514402,1.121265,0.3711123,279.833,280.3248,338.7225,False
0,1.877781,0.2765214,-0.2035545,-0.1221878,-1.490327,1.507435,-2.730498,0.6574954,1.159382,0.440938,-1.386121,-0.3043062,-0.06129611,0.2113767,-0.07745344,-0.7599692,1.456024,0.4300052,0.7493453,1.379688,0.3732481,-0.1250623,0.2152543,0.0162108,-1.003234,-0.0313474,0.1441289,0.8328974,1.437567,0.1780422,0.3514346,1.121139,0.3710188,279.8056,279.7656,339.2338,False
0,1.888893,0.2807463,-0.178956,-0.1074231,-1.489257,1.508214,-2.73382,0.6572284,1.159246,0.4409375,-1.380676,0.5001891,-0.06882896,0.2285733,-0.09431878,-0.7601951,1.461201,0.427367,0.7485615,1.379675,0.3731987,-0.1156266,0.1864421,0.01300245,-1.003073,-0.03004139,0.1443891,0.8325995,1.437631,0.1782181,0.3515916,1.120805,0.3708298,279.5466,279.3172,339.6149,False
0,1.900004,0.2601959,0.0119445,-0.06163602,-1.491552,1.504053,-2.739006,0.6569542,1.158827,0.4409442,-1.383463,-0.2593996,-0.06535262,0.2453921,-0.0643957,-0.7584496,1.469171,0.4231853,0.7471803,1.379575,0.3732641,-0.09674647,0.1405224,0.001238436,-1.00311,-0.02788063,0.1448765,0.8320294,1.437635,0.1785898,0.351666,1.120627,0.3707558,279.4286,279.3196,339.5399,False
0,1.911115,0.2601959,0.0119445,-0.06163602,-1.491552,1.504053,-2.739006,0.6569542,1.158827,0.4409442,-1.386704,-0.2936238,-0.06535262,0.2453921,-0.0643957,-0.7584496,1.469171,0.4231853,0.7471803,1.379575,0.3732641,-0.09674647,0.1405224,0.001238436,-1.00311,-0.02788063,0.1448765,0.8320294,1.437635,0.1785898,0.351757,1.120507,0.3708439,279.3549,280.0833,338.8098,False
0,1.922226,0.2494496,0.06525064,-0.05129327,-1.492216,1.501849,-2.741253,0.656865,1.158589,0.4410753,-1.380623,0.5581724,-0.0514795,0.2357082,-0.05817253,-0.7578446,1.472401,0.4208351,0.746745,1.379501,0.3732128,-0.090288,0.1405072,0.009708569,-1.002551,-0.02612854,0.144733,0.8317851,1.437678,0.1787617,0.3519534,1.120196,0.3710324,279.195,281.453,337.4072,False
0,1.933337,0.223802,0.1132289,-0.04307025,-1.492851,1.49869,-2.7427,0.6567299,1.158395,0.4414597,-1.382467,-0.1735766,-0.05145816,0.2121736,-0.04556078,-0.7573907,1.474409,0.4199778,0.7461846,1.379489,0.3732812,-0.07748052,0.1372626,0.01387964,-1.002063,-0.02449589,0.1442216,0.8314651,1.437623,0.1788876,0.3520072,1.119926,0.3711666,279.1616,282.1681,336.5912,False
0,1.944448,0.1961074,0.1142938,-0.03453731,-1.493268,1.497409,-2.743881,0.6565849,1.158185,0.4416564,-1.382823,-0.03048297,-0.04089601,0.1598635,-0.03536926,-0.7574152,1.47444,0.420074,0.7457936,1.379381,0.3733416,-0.05945786,0.1233256,0.01057487,-1.001923,-0.02344261,0.1436834,0.8311733,1.437612,0.1790106,0.3519966,1.119793,0.3714414,279.2094,283.505,335.1607,False
0,1.955559,0.171648,0.09722026,-0.03443912,-1.492932,1.49649,-2.745231,0.6564581,1.158016,0.4416542,-1.382192,0.05785747,-0.01664706,0.09483536,-0.04029559,-0.7584443,1.473611,0.4201371,0.7454194,1.379248,0.3734815,-0.04891198,0.1062202,0.00626223,-1.002024,-0.02272196,0.1435335,0.8309793,1.437597,0.1790996,0.3519047,1.119578,0.3717946,279.3136,285.6158,332.7873,False
0,1.966671,0.1589062,0.07374131,-0.03748714,-1.492483,1.49621,-2.746588,0.6562884,1.157859,0.4417777,-1.381829,0.03273142,-0.008356683,0.0522823,-0.05238804,-0.7597247,1.473053,0.4203555,0.7450257,1.379139,0.373548,-0.03730946,0.08698484,0.001952145,-1.002063,-0.02219984,0.1432797,0.8306798,1.437587,0.1792369,0.3518399,1.119415,0.3722214,279.4183,287.8409,330.2163,False
0,1.977782,0.139768,0.05340642,-0.05013904,-1.491642,1.495653,-2.74765,0.6561297,1.157761,0.4417439,-1.382095,-0.0244893,-0.01189729,-0.01791331,-0.0667205,-0.7618824,1.470492,0.4226,0.744764,1.379036,0.3736048,-0.03416257,0.07737739,0.0008810498,-1.002031,-0.02160409,0.1432277,0.83043,1.437569,0.179369,0.351818,1.119255,0.3725881,279.5275,289.5014,328.4085,False
0,1.988893,0.1269875,0.05014072,-0.0575631,-1.491094,1.494931,-2.748637,0.6560146,1.157603,0.4417956,-1.382236,-0.01248907,-0.01745151,-0.06897055,-0.0745066,-0.76385,1.468007,0.4248253,0.7444474,1.37889,0.373667,-0.03207157,0.07310014,-0.002322905,-1.002062,-0.0207423,0.1430192,0.8301244,1.437572,0.1795216,0.3518527,1.119151,0.3727782,279.5494,290.5529,327.3015,False
0,2.000004,0.1142004,0.0543457,-0.06398025,-1.490487,1.493738,-2.749542,0.6558304,1.157521,0.4419329,-1.38211,0.01165239,-0.01865178,-0.08700848,-0.08421247,-0.765572,1.466705,0.4260251,0.7441602,1.378809,0.3737049,-0.02886807,0.07840199,-0.004491902,-1.002087,-0.01954481,0.1425955,0.8297585,1.437595,0.1796649,0.3519056,1.119064,0.3728069,279.5008,290.7614,327.048,False
0,2.011115,0.09713272,0.06600599,-0.0682936,-1.490185,1.492378,-2.749945,0.6557295,1.15734,0.4420054,-1.382171,-0.005551576,-0.01653021,-0.09448478,-0.08215478,-0.7668343,1.465691,0.426861,0.7438111,1.378736,0.3737972,-0.01928003,0.07515961,-0.003491318,-1.001979,-0.01877955,0.141979,0.8293535,1.437579,0.1796818,0.3518975,1.118962,0.3727521,279.4525,290.7598,327.0463,False
0,2.022226,0.08008724,0.07133275,-0.06299529,-1.490019,1.491256,-2.750256,0.6555339,1.157267,0.4421585,-1.382269,-0.008785952,0.0006543901,-0.07115479,-0.07465774,-0.7672445,1.46604,0.4259492,0.74335,1.378691,0.3738081,-0.01400651,0.06341742,-0.003507081,-1.00198,-0.01839019,0.1417467,0.8290033,1.43761,0.1797423,0.3518825,1.118914,0.37279,279.3754,292.8443,325.0096,False
0,2.033337,0.06305873,0.06816094,-0.05337372,-1.489793,1.489664,-2.751148,0.6552038,1.157192,0.4425483,-1.381929,0.03124566,0.02128665,-0.02991121,-0.04149384,-0.7671363,1.466793,0.4243824,0.7425699,1.378642,0.3738329,-0.002291929,0.04526433,0.007088334,-1.001549,-0.01810404,0.141416,0.8283502,1.437701,0.1798766,0.3518263,1.118879,0.3729248,279.4115,293.5728,324.0765,False
0,2.044448,0.0609226,0.06922607,-0.05337868,-1.489556,1.488606,-2.751663,0.6550543,1.157199,0.4428298,-1.382432,-0.0461642,0.02354913,-0.008663162,-0.0339006,-0.7670351,1.467715,0.4233571,0.7421987,1.378605,0.3738782,0.002024248,0.04738272,0.01237671,-1.001178,-0.01743998,0.1408341,0.8280389,1.437663,0.1800189,0.3518089,1.11884,0.3731305,279.4959,293.9532,323.5048,False
0,2.055559,0.0609226,0.06922607,-0.05337868,-1.489556,1.488606,-2.751663,0.6550543,1.157199,0.4428298,-1.382209,0.02089155,0.02354913,-0.008663162,-0.0339006,-0.7670351,1.467715,0.4233571,0.7421987,1.378605,0.3738782,0.002024248,0.04738272,0.01237671,-1.001178,-0.01743998,0.1408341,0.8280389,1.437663,0.1800189,0.3517703,1.118809,0.3734177,279.6491,294.7168,322.5237,False
0,2.06667,0.05879208,0.06813297,-0.05762708,-1.489174,1.487607,-2.752209,0.6547762,1.157211,0.4429669,-1.381808,0.03654806,0.01200178,0.02541113,-0.02610959,-0.7665803,1.469651,0.4222248,0.7417552,1.37864,0.3739092,0.001980662,0.04311488,0.009189997,-1.001147,-0.01705222,0.1405957,0.8277304,1.437673,0.1800911,0.3517573,1.118807,0.373636,279.7698,295.7082,321.4255,False
0,2.077781,0.05988226,0.05533599,-0.05968425,-1.488523,1.48716,-2.752915,0.654601,1.157194,0.4430976,-1.382511,-0.06448554,0.0003716797,0.04138856,-0.02057728,-0.7662356,1.470962,0.4217624,0.7413148,1.378582,0.3739848,0.004016466,0.02817445,0.004945873,-1.001256,-0.01741015,0.1406509,0.8274033,1.437654,0.180136,0.3517402,1.118813,0.3737066,279.8267,296.005,321.0953,False
0,2.088892,0.06523772,0.03827875,-0.06278165,-1.487714,1.487004,-2.753814,0.6544602,1.157162,0.4432263,-1.382732,-0.01951631,-0.00912383,0.04346257,-0.008774372,-0.765834,1.47144,0.4218972,0.7410802,1.378601,0.3740723,0.005025858,0.02176724,0.0006878647,-1.001414,-0.0173485,0.1404381,0.8271035,1.43759,0.1801682,0.3516945,1.118794,0.3737839,279.8984,295.9077,321.1024,False
0,2.100003,0.06205973,0.02868534,-0.06272255,-1.487067,1.486748,-2.754366,0.6542817,1.157165,0.4433408,-1.382929,-0.01793131,-0.002668723,0.03269604,0.003881595,-0.7653738,1.471137,0.4219401,0.7408168,1.378571,0.3741133,-0.0003362792,0.01965283,-0.002465534,-1.001575,-0.01713345,0.1405361,0.8268057,1.437624,0.1802201,0.3516408,1.118763,0.3739172,280.0068,296.1797,320.729,False
0,2.111114,0.05567998,0.02336813,-0.05948722,-1.48668,1.486475,-2.754728,0.6541228,1.157117,0.4434347,-1.38316,-0.0208201,0.00262244,0.008130146,0.01005042,-0.7654521,1.470062,0.4225571,0.7405765,1.378536,0.374193,-0.00561598,0.01756019,0.005036485,-1.001243,-0.01703584,0.1407145,0.8265512,1.437682,0.1803381,0.351481,1.118758,0.3739839,280.01,297.8954,318.96,False
0,2.122225,0.04502967,0.02337623,-0.0541568,-1.486371,1.48609,-2.754821,0.6539164,1.157109,0.4434953,-1.382873,0.02632666,0.008892677,-0.008875397,0.001356518,-0.7659443,1.4693,0.4227971,0.7403266,1.378399,0.3742731,0.002905078,0.01007367,0.009248384,-1.001004,-0.01720975,0.1404913,0.8262666,1.437728,0.1804116,0.351338,1.118728,0.3740048,279.9975,298.0024,318.6443,False
0,2.133336,0.03223851,0.02978755,-0.04673132,-1.486297,1.485441,-2.754713,0.6538782,1.156984,0.4435599,-1.382695,0.01605347,0.003378538,-0.01402623,-0.02101225,-0.7670271,1.469482,0.4227944,0.7400825,1.378239,0.3743188,0.01147066,0.008980164,0.0155774,-1.000628,-0.01723092,0.1400876,0.8259991,1.437764,0.1804969,0.3511879,1.118698,0.3739614,279.9763,298.3223,318.2089,False
0,2.144447,0.02262631,0.04254662,-0.04786696,-1.486102,1.484398,-2.754549,0.6537313,1.156805,0.443671,-1.38249,0.01870204,0.004236746,-0.01917764,-0.0455596,-0.7684557,1.469784,0.4225209,0.7398701,1.378052,0.3744056,0.01999795,0.004687268,0.01871723,-1.000319,-0.01738858,0.1396418,0.8257105,1.437782,0.1805699,0.3510191,1.118677,0.3739051,279.9774,298.5679,317.8595,False
0,2.155558,0.01622281,0.05003392,-0.04045623,-1.486139,1.483575,-2.754445,0.6535363,1.156737,0.4437656,-1.382383,0.009749926,0.01703098,0.001075333,-0.05297188,-0.7688962,1.471245,0.4207992,0.7397054,1.3779,0.3744581,0.02746234,-0.0006735567,0.02292892,-1.000057,-0.01783452,0.1393848,0.8254508,1.437728,0.180557,0.3508368,1.118668,0.3738455,279.9926,298.8828,317.457,False
0,2.166669,0.005519971,0.07881461,-0.03422954,-1.486706,1.481763,-2.753968,0.6534853,1.156531,0.443835,-1.382453,-0.006463099,0.04479869,0.005195735,-0.04570206,-0.7690464,1.471741,0.4190476,0.7395847,1.377723,0.3745897,0.03490998,0.002483074,0.01966988,-0.9999073,-0.01766022,0.138637,0.825178,1.437779,0.1807353,0.3506723,1.118653,0.3738052,279.995,299.1215,317.0916,False
0,2.17778,-0.000929242,0.1107968,-0.02802726,-1.487416,1.479606,-2.753531,0.6535126,1.156202,0.4439268,-1.382603,-0.0135573,0.057539,-0.005492659,-0.04694188,-0.7697158,1.471428,0.4181962,0.7395627,1.37751,0.3746953,0.04239567,0.008841163,0.01960187,-0.999626,-0.01732053,0.1377467,0.8248651,1.437813,0.1808267,0.3504852,1.118635,0.3738028,280.0272,299.8341,316.2737,False
