loc,t,aDotUA,bDotUA,gDotUA,aUA,bUA,gUA,xUA,yUA,zUA,qE,qDotE,aDotSH,bDotSH,gDotSH,aSH,bSH,gSH,xSH,ySH,zSH,aDotUB,bDotUB,gDotUB,aUB,bUB,gUB,xUB,yUB,zUB,xHand,yHand,zHand,aHand,bHand,gHand,enable
3,0,-0.09937334,-0.4363417,0.2377398,-1.299443,-4.18395,-2.815085,0.6841711,1.204629,0.483346,-1.126111,-0.01233764,-0.1302468,0.1152284,0.002265668,-0.5373333,1.372421,0.2727431,0.7790651,1.431712,0.4023907,-0.08263782,0.07150341,0.00444766,-0.9058918,0.0318321,0.01773798,0.825435,1.470984,0.2204964,0.4596252,1.041825,0.2962611,302.7634,225.3403,5.233884,False
3,0.01111111,-0.1026747,-0.4161046,0.240811,-1.300619,-4.178997,-2.815156,0.6836088,1.204503,0.4828167,-1.125643,0.04292813,-0.1207881,0.1280887,-0.006296888,-0.5372203,1.376186,0.2704978,0.7786796,1.431573,0.4024565,-0.07937326,0.07575787,0.01401323,-0.9054066,0.03313252,0.01774198,0.8253989,1.470959,0.2206576,0.4599276,1.041759,0.2949808,302.8868,224.7306,5.544655,False
3,0.02222222,-0.1049086,-0.3980256,0.2375116,-1.301787,-4.174368,-2.81514,0.6830242,1.204321,0.4824221,-1.12582,-0.01656282,-0.1221031,0.1335366,-0.02542027,-0.5376091,1.37979,0.2687931,0.7784109,1.431522,0.4025517,-0.07292569,0.07361235,0.02035777,-0.9048521,0.03383746,0.01785756,0.8252784,1.470827,0.2206759,0.4604126,1.041585,0.2933843,302.9372,224.4355,5.506606,False
3,0.03333334,-0.1060331,-0.3916797,0.2310796,-1.302566,-4.169442,-2.815131,0.6824485,1.204118,0.4819877,-1.125752,0.006380146,-0.1254221,0.1346534,-0.03496243,-0.5379133,1.382879,0.2676581,0.7782508,1.431405,0.4027035,-0.06552858,0.06722333,0.01177193,-0.9049709,0.03427248,0.01806955,0.8252531,1.470752,0.2208614,0.4609925,1.04134,0.2915402,302.9594,224.2987,5.243158,False
3,0.04444445,-0.1028292,-0.394884,0.2268308,-1.303378,-4.164233,-2.815485,0.6818638,1.203975,0.4815586,-1.125751,8.174212E-05,-0.1288845,0.1209486,-0.05844584,-0.5390701,1.38535,0.2670823,0.7780368,1.431339,0.4028091,-0.05917918,0.05871466,0.005319959,-0.9051158,0.03475598,0.01821602,0.8252196,1.470709,0.2209861,0.4616582,1.04106,0.2895188,302.9946,224.0984,5.001189,False
3,0.05555556,-0.1017986,-0.3960262,0.2140657,-1.303883,-4.159054,-2.815611,0.6812547,1.203819,0.481107,-1.125693,0.005338886,-0.1247028,0.1082325,-0.06710143,-0.5397854,1.387317,0.2666155,0.777815,1.431353,0.4029312,-0.05501634,0.05768287,-0.006443574,-0.9056916,0.0358335,0.01815956,0.8252822,1.470846,0.2211823,0.4623763,1.040781,0.2874325,303.0152,223.8152,4.781485,False
3,0.06666667,-0.09653904,-0.3864553,0.20654,-1.304535,-4.154509,-2.815927,0.6807913,1.20362,0.4806538,-1.12598,-0.02630513,-0.1162806,0.07318678,-0.08128409,-0.5413178,1.387163,0.2677393,0.7775943,1.431286,0.4030123,-0.052931,0.05236593,-0.0128582,-0.906041,0.03635827,0.01836542,0.8252431,1.470824,0.2213097,0.463107,1.040526,0.2853749,303.0269,223.4949,4.598211,False
3,0.07777778,-0.09364264,-0.3385585,0.1945432,-1.305672,-4.152067,-2.815385,0.68047,1.203445,0.4802561,-1.125788,0.01773763,-0.09917279,0.05297489,-0.08056213,-0.5421045,1.387305,0.2679827,0.7772529,1.431275,0.403028,-0.05399039,0.05556923,-0.01177956,-0.9060553,0.03748066,0.01829698,0.8252674,1.470945,0.2212689,0.463828,1.040303,0.2834159,303.0299,223.1767,4.450183,False
3,0.08888889,-0.08660289,-0.2618486,0.1898063,-1.307441,-4.151209,-2.814871,0.6802654,1.203115,0.479881,-1.126108,-0.02940209,-0.09489405,0.05723189,-0.07845814,-0.5426638,1.389195,0.2672575,0.7769406,1.4312,0.4030933,-0.05611255,0.05556593,-0.01069754,-0.9061267,0.03826523,0.01850977,0.8252181,1.470954,0.2213702,0.464485,1.040106,0.2815862,303.03,222.8771,4.339277,False
3,0.1,-0.08386213,-0.1776594,0.1903673,-1.309827,-4.151459,-2.813827,0.6800581,1.202724,0.4795263,-1.125825,0.02606521,-0.09287278,0.1009209,-0.07926981,-0.5428342,1.3948,0.2634644,0.7765769,1.431114,0.4031377,-0.05497402,0.0662167,-4.748476E-05,-0.9058028,0.03984408,0.01811988,0.8251134,1.471022,0.2215519,0.4650787,1.039944,0.2799532,303.013,222.6549,4.198855,False
3,0.1111111,-0.07357952,-0.1094049,0.1910015,-1.312188,-4.151869,-2.81309,0.6799077,1.202432,0.4793189,-1.126209,-0.03533667,-0.09502086,0.1264606,-0.07588149,-0.542961,1.399336,0.2607666,0.7763337,1.430987,0.4031775,-0.05064774,0.07366804,0.009511067,-0.9054008,0.04121082,0.01771908,0.8250974,1.470973,0.2216556,0.4655117,1.039844,0.2785854,302.9923,222.5971,3.945855,False
3,0.1222222,-0.06533626,-0.06041931,0.1811022,-1.314071,-4.152153,-2.812579,0.6796989,1.202162,0.4790459,-1.125985,0.02081558,-0.09398854,0.1498875,-0.07468139,-0.5431357,1.404265,0.257512,0.7760456,1.430905,0.4032662,-0.0463554,0.07580084,0.01373772,-0.9051419,0.04240245,0.01734304,0.8249602,1.470986,0.2217493,0.4656948,1.039806,0.2775391,302.9201,222.6934,3.644816,False
3,0.1333333,-0.06120135,-0.0423319,0.1703427,-1.315711,-4.151756,-2.81197,0.6795387,1.202014,0.4787936,-1.126261,-0.02556947,-0.08009945,0.1520278,-0.07165084,-0.5434495,1.407815,0.2548033,0.7758787,1.430765,0.4033072,-0.04635341,0.07367056,0.01373232,-0.90503,0.04334401,0.0172959,0.8248699,1.471002,0.2218261,0.4655918,1.039831,0.2768282,302.8328,222.9253,3.34712,False
3,0.1444445,-0.05280383,-0.02426135,0.1563665,-1.317016,-4.151737,-2.811677,0.6794266,1.201847,0.4786088,-1.126435,-0.01568963,-0.05762108,0.1264838,-0.06783827,-0.5439166,1.409169,0.253525,0.7757405,1.430697,0.4033351,-0.04426212,0.0672917,0.007308691,-0.9052825,0.04402538,0.01725888,0.8247761,1.470842,0.2217264,0.4652998,1.03993,0.2764584,302.7426,223.1765,3.162613,False
3,0.1555556,-0.04760094,-0.01370818,0.1328669,-1.317922,-4.151694,-2.811012,0.6792494,1.201721,0.4784737,-1.126117,0.02918575,-0.03414784,0.07863116,-0.0737742,-0.5451486,1.408321,0.2538666,0.7756627,1.430666,0.4033072,-0.03575168,0.05984608,0.005092042,-0.905405,0.04461674,0.01701014,0.8247379,1.470827,0.2217169,0.4648807,1.040069,0.2763398,302.6585,223.4014,3.119748,False
3,0.1666667,-0.03922471,0.002142992,0.1050535,-1.318302,-4.152075,-2.810701,0.6792287,1.201658,0.478337,-1.126431,-0.02907992,-0.01598269,0.03501881,-0.07748099,-0.5463262,1.407061,0.2545431,0.7755852,1.430608,0.4032712,-0.03576468,0.04706629,0.001881181,-0.9054726,0.04474057,0.01733318,0.8246492,1.47081,0.2217052,0.4644635,1.040239,0.2763625,302.5978,223.6054,3.154646,False
3,0.1777778,-0.03406918,0.02445647,0.08680072,-1.319109,-4.153272,-2.809957,0.6791193,1.201508,0.4781661,-1.126037,0.03630321,-0.005250182,0.01797695,-0.07453331,-0.5471752,1.406842,0.2543969,0.775421,1.430507,0.403172,-0.03364144,0.04068407,0.0007871558,-0.9055514,0.0451487,0.01748392,0.8245065,1.470697,0.2215536,0.4641071,1.040409,0.2764342,302.5267,223.7566,3.202565,False
3,0.1888889,-0.02264442,0.07017289,0.06306043,-1.319716,-4.1555,-2.809508,0.67924,1.201378,0.478106,-1.126393,-0.03295397,0.002317631,-0.005464194,-0.07051262,-0.5478911,1.405817,0.2549252,0.7751894,1.430452,0.4031198,-0.03783158,0.03640873,0.009335363,-0.9051791,0.04548506,0.01783652,0.8243239,1.47067,0.2214766,0.4638032,1.040554,0.2764795,302.4795,223.8613,3.228593,False
3,0.2,-0.01233951,0.126533,0.03818598,-1.320276,-4.158872,-2.808927,0.6794312,1.20101,0.4777496,-1.126155,0.02209197,0.002488716,-0.009807521,-0.05775793,-0.548175,1.405404,0.2552437,0.7750045,1.430397,0.4030318,-0.03782011,0.03428045,0.01039287,-0.9050875,0.0459346,0.01796036,0.8242056,1.470677,0.2215276,0.4635612,1.040671,0.2764911,302.4388,223.9214,3.233938,False
3,0.2111111,6.490201E-05,0.1903861,0.01753077,-1.321195,-4.163041,-2.808294,0.6797142,1.200836,0.4778385,-1.126607,-0.0416061,0.0004278254,0.007175855,-0.04909916,-0.5482373,1.406804,0.254159,0.7748075,1.430337,0.4029329,-0.04005497,0.02790391,-0.003448221,-0.905633,0.04609133,0.01838726,0.8241074,1.470624,0.2214651,0.4632919,1.040752,0.2764623,302.4013,224.0343,3.142401,False
3,0.2222222,0.01468265,0.2404843,0.00655365,-1.32266,-4.167479,-2.807583,0.679911,1.200919,0.4781935,-1.126722,-0.01024021,0.001498237,0.03696736,-0.04359465,-0.5481877,1.409589,0.2516946,0.774647,1.430364,0.4028354,-0.0358488,0.02579278,-0.01094691,-0.9060894,0.04650252,0.01835823,0.8239968,1.470693,0.2214458,0.4630123,1.040808,0.2764912,302.3269,224.1662,3.041507,False
3,0.2333333,0.0198324,0.2681345,-0.006405331,-1.323569,-4.1713,-2.806894,0.6800663,1.200781,0.4782882,-1.12676,-0.003488116,0.005708475,0.05722734,-0.04458538,-0.5484402,1.412377,0.2490002,0.7744275,1.430353,0.402739,-0.03370175,0.02366315,-0.008836254,-0.9060942,0.04678402,0.01851163,0.8239198,1.47064,0.221385,0.4626525,1.040799,0.2766267,302.2355,224.3336,2.927357,False
3,0.2444444,0.02819315,0.2925821,-0.02255237,-1.324133,-4.175555,-2.806462,0.6803442,1.200736,0.4785013,-1.126633,0.01151361,0.01636574,0.04235106,-0.04694675,-0.5490181,1.412628,0.2482407,0.7743089,1.430316,0.4026277,-0.03577659,0.01939926,-0.001370832,-0.9058684,0.04702876,0.01892549,0.8238347,1.470553,0.2211843,0.4623129,1.040803,0.277073,302.2083,224.5781,2.685094,False
3,0.2555556,0.04080728,0.3127546,-0.04719479,-1.32449,-4.180137,-2.805951,0.680676,1.200766,0.4789305,-1.126384,0.0226119,0.0388497,0.001909668,-0.04535769,-0.5497259,1.410365,0.2489952,0.7741776,1.430286,0.4025259,-0.04216727,0.01300534,-0.001329559,-0.9059094,0.04702637,0.01969248,0.8236822,1.47051,0.2210436,0.4619015,1.040869,0.2778749,302.2291,224.9164,2.426366,False
3,0.2666667,0.05547915,0.3456491,-0.08045174,-1.324218,-4.185537,-2.8057,0.6811556,1.200744,0.4791689,-1.126627,-0.02248168,0.07420875,-0.04600467,-0.03758746,-0.5503337,1.406674,0.2502655,0.7741228,1.43024,0.4024093,-0.06022222,0.01724047,0.006274519,-0.9055579,0.04743023,0.02072206,0.8235325,1.470448,0.2209039,0.4613079,1.040959,0.2789113,302.2281,225.237,2.36251,False
3,0.2777778,0.07533827,0.4052566,-0.1074918,-1.324622,-4.192639,-2.805176,0.6817122,1.200605,0.4791765,-1.126565,0.005890456,0.09346402,-0.06516239,-0.03476132,-0.551008,1.404258,0.2506682,0.7740844,1.430255,0.402283,-0.05921066,0.01726487,-0.0001331775,-0.9058966,0.0479827,0.02103258,0.8234781,1.470373,0.2206709,0.4606397,1.041096,0.280186,302.2048,225.5205,2.395532,False
3,0.2888889,0.08891383,0.4500018,-0.1205722,-1.325415,-4.199528,-2.804654,0.6823282,1.200523,0.479449,-1.126905,-0.03133165,0.1041966,-0.07794952,-0.03071778,-0.5515236,1.402094,0.2510551,0.7739242,1.430308,0.4021158,-0.06884701,0.01087039,-0.007519476,-0.9061682,0.04782585,0.02211169,0.8233334,1.47029,0.2204971,0.459941,1.04128,0.2816975,302.1681,225.8103,2.446514,False
3,0.3,0.1076719,0.5245712,-0.1370562,-1.326169,-4.208441,-2.804419,0.6829714,1.200518,0.4797723,-1.126957,-0.004504607,0.1021576,-0.06948789,-0.02211336,-0.5515763,1.401232,0.2507398,0.7737856,1.430317,0.4019687,-0.0731493,0.007682838,-0.01282638,-0.9066231,0.0479144,0.02305259,0.8232073,1.470242,0.2203531,0.4591457,1.041461,0.2833764,302.1086,226.1461,2.527012,False
3,0.3111111,0.1211669,0.5917467,-0.138563,-1.327664,-4.217274,-2.803983,0.6835799,1.20057,0.4801903,-1.12677,0.01699711,0.1023003,-0.04827704,-0.007059943,-0.5510464,1.401472,0.2494165,0.7735369,1.430461,0.4018166,-0.07000709,-0.004008248,-0.02032316,-0.9071105,0.0476582,0.02395886,0.8228873,1.470188,0.2202015,0.4582144,1.041605,0.2851714,302.0392,226.6318,2.528912,False
3,0.3222222,0.1336561,0.6461084,-0.1442525,-1.328939,-4.226619,-2.803631,0.6843016,1.200541,0.4806378,-1.127376,-0.0555879,0.1034247,-0.01318929,0.003805899,-0.5503539,1.403333,0.2466439,0.7733066,1.430522,0.4015994,-0.06469983,-0.0103912,-0.02356827,-0.9075115,0.04721665,0.02476101,0.8226807,1.470146,0.2200325,0.4572677,1.041737,0.2871055,301.9977,227.1856,2.455917,False
3,0.3333333,0.1366707,0.6780408,-0.1508629,-1.32971,-4.235404,-2.803102,0.685118,1.200294,0.480732,-1.127048,0.03028877,0.1045996,-0.01005135,0.01340058,-0.5499119,1.403055,0.2457618,0.7731044,1.430603,0.4014454,-0.05826634,-0.006109856,-0.01829448,-0.9076074,0.04771639,0.02480948,0.8224651,1.470112,0.2198653,0.4562852,1.041873,0.2892269,301.977,227.7751,2.306216,False
3,0.3444445,0.1449619,0.7141787,-0.1713452,-1.330272,-4.245132,-2.802664,0.6860056,1.20028,0.4810834,-1.127035,0.0007555294,0.1227091,-0.02916516,0.009852244,-0.5501255,1.40129,0.245311,0.7728988,1.430667,0.4012265,-0.04859373,-0.01676493,-0.008794865,-0.9073794,0.04699481,0.02543399,0.8221525,1.470104,0.2196858,0.4552647,1.042032,0.2915524,301.9634,228.4464,2.11784,False
3,0.3555556,0.1553417,0.756703,-0.1950678,-1.330752,-4.255517,-2.802186,0.6869475,1.200356,0.4814401,-1.126577,0.04181607,0.1322727,-0.04296519,0.005377176,-0.5505281,1.399538,0.2450279,0.772774,1.430682,0.4010689,-0.03892129,0.002382655,0.00394241,-0.9068069,0.04747524,0.02521348,0.821656,1.470029,0.2194278,0.4542108,1.042183,0.2940425,301.8958,229.1202,2.052372,False
3,0.3666667,0.1679753,0.779041,-0.2112123,-1.331135,-4.265712,-2.802069,0.6878679,1.200367,0.481811,-1.126719,-0.01338867,0.1471991,-0.04293868,0.006254158,-0.5505595,1.398535,0.2437096,0.7725767,1.43075,0.400836,-0.03240828,0.006631225,0.01987621,-0.9060436,0.04775541,0.02518392,0.8213122,1.470043,0.2191892,0.4531526,1.042271,0.296573,301.8234,229.7564,2.112906,False
3,0.3777778,0.1751606,0.8226277,-0.2306747,-1.33161,-4.276832,-2.80154,0.68885,1.200334,0.48208,-1.126741,-0.002012056,0.1514904,-0.01953678,0.01274604,-0.5500093,1.399481,0.241145,0.7724426,1.430811,0.400584,-0.02060495,-0.007237176,0.02936453,-0.9053315,0.04668122,0.02574717,0.8210964,1.469963,0.2188513,0.4521932,1.042343,0.2991754,301.8145,230.369,2.108493,False
3,0.3888889,0.1824505,0.8524506,-0.2372665,-1.332426,-4.28794,-2.801213,0.689787,1.200449,0.4825149,-1.12693,-0.01737897,0.1495001,-0.008968249,0.02562494,-0.5492141,1.399689,0.2393758,0.772331,1.430924,0.4003248,-0.006747185,-0.02639787,0.02817119,-0.905046,0.04551182,0.02611203,0.8208413,1.469924,0.2185836,0.4512985,1.042431,0.3018721,301.839,230.9903,2.040734,False
3,0.4,0.1823722,0.8651887,-0.2437387,-1.332955,-4.29867,-2.800758,0.6906906,1.200328,0.4828842,-1.126629,0.02757494,0.1582196,-0.027146,0.03818419,-0.5485979,1.397456,0.2392983,0.7722886,1.430987,0.400048,0.008136403,-0.03704784,0.02271916,-0.9049565,0.04425734,0.02629925,0.820459,1.469901,0.2182245,0.4504094,1.042521,0.3046552,301.836,231.6147,1.984487,False
3,0.4111111,0.1866778,0.8576798,-0.2543645,-1.332904,-4.308755,-2.800926,0.6916206,1.200612,0.4832969,-1.126671,-0.004122558,0.1636826,-0.04742222,0.04544266,-0.5481819,1.394835,0.2395156,0.7722695,1.431089,0.399791,0.01871699,-0.04767904,0.01197233,-0.905184,0.0431456,0.02640418,0.8202846,1.469836,0.2179334,0.4494709,1.042614,0.3075191,301.8354,232.2995,1.895992,False
3,0.4222222,0.1856869,0.8373418,-0.2691507,-1.332514,-4.31842,-2.800669,0.6925021,1.200815,0.4836526,-1.126359,0.0284865,0.1831851,-0.09222981,0.06302355,-0.5474138,1.38978,0.2410965,0.7723731,1.43125,0.3994415,0.01965148,-0.05191991,-0.00827857,-0.9054934,0.04215957,0.02672988,0.8200015,1.469851,0.2176108,0.4485006,1.042732,0.3104793,301.8207,233.0049,1.812367,False
3,0.4333333,0.1825334,0.8255116,-0.2829363,-1.331874,-4.32823,-2.800376,0.6934229,1.200959,0.4839106,-1.1267,-0.03147743,0.1854095,-0.1124854,0.06713153,-0.5469355,1.386179,0.2421074,0.7723269,1.431444,0.3990602,0.0206141,-0.05937117,-0.02001001,-0.9065161,0.04089936,0.02722044,0.8198478,1.469777,0.2173254,0.447514,1.042851,0.313495,301.8018,233.6794,1.804383,False
3,0.4444444,0.1740601,0.8083041,-0.3019876,-1.330934,-4.337729,-2.799789,0.694341,1.201237,0.4841349,-1.126136,0.05179775,0.1907902,-0.1316552,0.0680054,-0.5466788,1.381879,0.2434486,0.7724162,1.431596,0.3987451,0.02054293,-0.0710956,-0.02960628,-0.907128,0.03915846,0.02816373,0.8197179,1.469838,0.2169125,0.4466362,1.043012,0.3165538,301.8235,234.2653,1.887544,False
3,0.4555556,0.1709128,0.799738,-0.3051308,-1.330473,-4.347074,-2.799451,0.6953084,1.201449,0.4844573,-1.126014,0.0106263,0.1886847,-0.1391172,0.06905471,-0.5462474,1.378554,0.2443988,0.7724621,1.431869,0.3983545,0.02369682,-0.07536422,-0.03495879,-0.9076181,0.03767587,0.02878238,0.8195888,1.469805,0.2164333,0.4458144,1.043192,0.3195718,301.8487,234.7983,2.020626,False
3,0.4666667,0.1569979,0.8059584,-0.3211203,-1.329664,-4.357324,-2.798239,0.6963375,1.20167,0.4846487,-1.12563,0.03508556,0.1791568,-0.1540661,0.07120978,-0.5459645,1.374009,0.2466612,0.7725719,1.432036,0.3980114,0.03216422,-0.08812951,-0.04356299,-0.9084229,0.03591752,0.02921727,0.8194361,1.469766,0.2160721,0.4450324,1.043388,0.3224981,301.8634,235.309,2.159408,False
3,0.4777778,0.1527128,0.8133727,-0.3243543,-1.329336,-4.367636,-2.797563,0.6972722,1.201888,0.4849448,-1.125808,-0.01662886,0.1772377,-0.156309,0.08720431,-0.5448828,1.369847,0.2482474,0.772761,1.432243,0.397649,0.03104722,-0.09239389,-0.04994241,-0.9090999,0.03432202,0.02996376,0.8192674,1.469796,0.2156324,0.4443172,1.043632,0.3253116,301.8911,235.7922,2.280597,False
3,0.4888889,0.1355275,0.8442365,-0.3149226,-1.329986,-4.378983,-2.795752,0.6983799,1.201981,0.485157,-1.125206,0.05527207,0.1710001,-0.1574613,0.09899543,-0.543866,1.365862,0.2499457,0.7728584,1.432404,0.3973029,0.02566209,-0.1009114,-0.05843269,-0.9101236,0.03252133,0.03095765,0.8191406,1.46977,0.2152603,0.4436992,1.043935,0.3280216,301.8829,236.2767,2.350377,False
3,0.5,0.1236897,0.8762039,-0.3023218,-1.330786,-4.390205,-2.794267,0.6993349,1.202058,0.4853346,-1.125727,-0.04806016,0.1731704,-0.1532178,0.1021876,-0.5431411,1.3624,0.2507941,0.7729253,1.432529,0.3968832,0.02238736,-0.1030449,-0.06907098,-0.9113598,0.03085485,0.03181838,0.8188961,1.469652,0.2149515,0.4430837,1.044305,0.3306463,301.8774,236.7545,2.375831,False
3,0.5111111,0.1140037,0.9018015,-0.2896743,-1.331901,-4.401593,-2.792625,0.7003049,1.202151,0.4854972,-1.124955,0.07102542,0.1848608,-0.1340273,0.1032297,-0.5422185,1.360143,0.2502887,0.7730218,1.432587,0.396565,0.02875543,-0.09985009,-0.07231951,-0.9123729,0.02946015,0.03204529,0.8187573,1.469605,0.2145174,0.4424451,1.044755,0.333259,301.8246,237.2719,2.332048,False
3,0.5222223,0.104402,0.9103049,-0.2833136,-1.332662,-4.412336,-2.791082,0.7011617,1.202158,0.4857309,-1.125223,-0.02497142,0.190137,-0.123349,0.1011009,-0.541458,1.357773,0.250061,0.7731252,1.432696,0.39623,0.02771121,-0.09559371,-0.06911031,-0.9130499,0.02836173,0.03244875,0.8186114,1.469574,0.2141707,0.4417336,1.04529,0.3358991,301.7427,237.9405,2.195061,False
3,0.5333334,0.09063105,0.9028488,-0.2715192,-1.333523,-4.422543,-2.789377,0.7019678,1.20227,0.4859231,-1.125213,0.001197556,0.1919445,-0.1040256,0.07882936,-0.5414776,1.356678,0.2488375,0.7732866,1.432801,0.3959193,0.03201336,-0.09453227,-0.06381696,-0.9136262,0.02708142,0.03274276,0.8184254,1.469564,0.2139843,0.4409149,1.045903,0.338569,301.6316,238.6337,2.08755,False
3,0.5444446,0.06108595,0.8494271,-0.2700735,-1.333828,-4.441207,-2.785589,0.7037011,1.202525,0.4858992,-1.125216,-0.0002963234,0.1855743,-0.1200117,0.07773855,-0.540668,1.350311,0.2503704,0.7737445,1.433029,0.3953445,0.04624914,-0.09139583,-0.01385706,-0.9126536,0.02430774,0.03315422,0.8181964,1.469579,0.2133279,0.4400347,1.046583,0.3412794,301.4905,239.3056,2.028576,False
3,0.5555557,0.04416694,0.8259167,-0.2677615,-1.334077,-4.450458,-2.783368,0.7044957,1.20266,0.4858601,-1.125363,-0.01339499,0.1898874,-0.1381187,0.07863279,-0.5403191,1.345853,0.251927,0.7739928,1.433136,0.3950138,0.05264806,-0.09032553,-0.0128408,-0.9127916,0.02308348,0.03310442,0.8181318,1.469574,0.2129676,0.4391278,1.047328,0.3441085,301.3602,239.9451,1.895965,False
3,0.5666668,0.03146495,0.8130744,-0.266589,-1.3344,-4.459885,-2.781253,0.7052794,1.202822,0.4858687,-1.12461,0.0689595,0.1973214,-0.1487301,0.07527311,-0.5401636,1.34191,0.2529342,0.7742796,1.433305,0.3946662,0.05689733,-0.08926766,-0.01393715,-0.913077,0.02165909,0.03326901,0.8181362,1.46951,0.21258,0.4381658,1.048256,0.3474166,301.2199,240.7642,1.638956,False
3,0.577778,0.01026951,0.7959867,-0.2557854,-1.335043,-4.468816,-2.778559,0.7059544,1.202962,0.4858005,-1.124379,0.02053844,0.1974041,-0.1498358,0.0816576,-0.5394845,1.338147,0.2539601,0.7746238,1.433427,0.3943255,0.06632963,-0.09349584,-0.03425756,-0.9142035,0.02021712,0.03307939,0.8181705,1.469452,0.2121773,0.4371434,1.049243,0.3508692,301.0454,241.4486,1.91754,False
3,0.5888891,-0.008761957,0.7757527,-0.2396451,-1.335901,-4.477465,-2.775904,0.7067392,1.203052,0.4857237,-1.124669,-0.02649952,0.1889477,-0.1466896,0.08710957,-0.538774,1.334799,0.2549337,0.7749819,1.433545,0.3940277,0.06189197,-0.1115898,-0.05874428,-0.9157402,0.01778286,0.03405011,0.818283,1.469312,0.2116947,0.4361268,1.050224,0.3541114,300.8772,242.0785,2.318222,False
3,0.6000003,-0.008761957,0.7757527,-0.2396451,-1.335901,-4.477465,-2.775904,0.7067392,1.203052,0.4857237,-1.12417,0.04601284,0.1889477,-0.1466896,0.08710957,-0.538774,1.334799,0.2549337,0.7749819,1.433545,0.3940277,0.06189197,-0.1115898,-0.05874428,-0.9157402,0.01778286,0.03405011,0.818283,1.469312,0.2116947,0.4351914,1.051178,0.3569722,300.7116,242.7092,2.555342,False
3,0.6111114,-0.03303504,0.7427092,-0.2223419,-1.336709,-4.48506,-2.773228,0.7072736,1.203177,0.4856708,-1.124878,-0.06501396,0.1698555,-0.1489095,0.09372183,-0.5381311,1.330849,0.2570947,0.7753317,1.43373,0.3936818,0.0659828,-0.1286103,-0.08329864,-0.917491,0.01522756,0.03467382,0.8182941,1.469244,0.2112403,0.4343426,1.052069,0.3592851,300.5367,243.2612,2.762131,False
3,0.6222225,-0.0583311,0.694705,-0.21134,-1.337078,-4.491663,-2.770241,0.707738,1.20335,0.4855168,-1.124477,0.03742192,0.1496683,-0.1543016,0.09713872,-0.5374877,1.326685,0.2597224,0.7757103,1.433876,0.3933229,0.06695051,-0.1403114,-0.09716919,-0.9191182,0.01283098,0.03535533,0.8183781,1.469154,0.2108092,0.4337663,1.052775,0.3607193,300.348,243.5005,3.075801,False
3,0.6333337,-0.07303353,0.656308,-0.2057506,-1.337258,-4.498428,-2.767452,0.7083285,1.203538,0.4853897,-1.124306,0.01536105,0.1337931,-0.1692799,0.1025679,-0.5368326,1.32168,0.2629328,0.7760316,1.433969,0.3928728,0.06794558,-0.1488305,-0.1078416,-0.9207533,0.01029405,0.03603869,0.8185006,1.469096,0.2103968,0.4334527,1.05338,0.361517,300.2559,243.7932,2.881848,False
3,0.6444448,-0.09295787,0.596576,-0.2010755,-1.337034,-4.503686,-2.764491,0.7086852,1.203742,0.4851611,-1.123939,0.03358981,0.126366,-0.1767603,0.1036791,-0.5362573,1.316806,0.2659702,0.7764056,1.434071,0.3924913,0.06583491,-0.152031,-0.1056981,-0.9219453,0.00804501,0.03672259,0.8186656,1.468989,0.2099402,0.433192,1.053966,0.3619728,300.2272,244.0407,2.511911,False
3,0.655556,-0.1107294,0.5315025,-0.1995758,-1.336349,-4.508194,-2.76166,0.7089773,1.203916,0.4849617,-1.124338,-0.0366315,0.1092583,-0.1852794,0.0974502,-0.5360453,1.311922,0.2695476,0.7768906,1.43416,0.3921509,0.05411763,-0.1477945,-0.1045398,-0.9231885,0.006030595,0.03778386,0.8188409,1.468955,0.2095242,0.4328908,1.054627,0.3622992,300.2167,244.1639,2.261021,False
3,0.6666671,-0.124249,0.4696795,-0.1938352,-1.335704,-4.511983,-2.758934,0.7091833,1.204131,0.4847271,-1.12407,0.02497396,0.09632115,-0.1948061,0.0837023,-0.5362701,1.30699,0.2731759,0.7772775,1.434183,0.3917632,0.04242076,-0.1435484,-0.1012468,-0.9242458,0.004276105,0.03875299,0.819042,1.468854,0.2090991,0.4325542,1.055434,0.3626845,300.1456,244.2294,2.151627,False
3,0.6777782,-0.1261707,0.4313197,-0.193599,-1.335008,-4.516332,-2.756628,0.7093705,1.204376,0.4845419,-1.124195,-0.01150147,0.08426711,-0.2053005,0.05501112,-0.5374552,1.302283,0.2765613,0.7776165,1.434339,0.3912573,0.03917414,-0.1403577,-0.1065496,-0.9257569,0.002376871,0.03962491,0.8192856,1.468787,0.2086134,0.4320852,1.056376,0.3631698,300.0188,244.2601,2.209701,False
3,0.6888894,-0.1248076,0.3781353,-0.1815507,-1.334393,-4.519078,-2.754665,0.7094313,1.204541,0.4844005,-1.124352,-0.01405379,0.07455434,-0.2031295,0.04555935,-0.5378877,1.298134,0.2796495,0.7779174,1.43438,0.3908873,0.02838874,-0.1243714,-0.1213607,-0.9276658,0.001451556,0.04026353,0.819523,1.468688,0.2082317,0.4315016,1.057433,0.3637606,299.8404,244.2518,2.394963,False
3,0.7000005,-0.1277249,0.3356203,-0.1631616,-1.334262,-4.521711,-2.752834,0.7093951,1.204648,0.484247,-1.125082,-0.06658106,0.06483632,-0.1892582,0.03831661,-0.5380523,1.295015,0.2820146,0.7781942,1.434316,0.3905067,0.01351406,-0.1094888,-0.1159001,-0.9287742,0.0004680506,0.04103958,0.8197197,1.468465,0.207828,0.4308366,1.058579,0.3644311,299.6428,244.2625,2.604512,False
3,0.7111117,-0.127549,0.3069448,-0.1491334,-1.334107,-4.524379,-2.750815,0.7094355,1.204787,0.4840736,-1.125242,-0.01393318,0.03792019,-0.165764,0.0206955,-0.5387442,1.293317,0.2840339,0.7784458,1.434301,0.3902814,0.003984436,-0.09992047,-0.1072914,-0.9296712,-0.0004142547,0.04187235,0.819945,1.468359,0.207454,0.4301398,1.059767,0.3651934,299.4067,244.2744,2.821701,False
3,0.7222228,-0.1218341,0.2388879,-0.1338031,-1.333355,-4.525234,-2.749533,0.7092719,1.204992,0.4838889,-1.125426,-0.01679496,0.007979013,-0.1434253,0.01589135,-0.5389919,1.291756,0.2863234,0.7785637,1.434346,0.3899748,-0.008799419,-0.08289548,-0.1050433,-0.9308169,-0.0009307748,0.04267716,0.8202289,1.468268,0.2072232,0.4294422,1.060898,0.3659774,299.1476,244.304,3.060629,False
3,0.7333339,-0.1173674,0.2027303,-0.1271991,-1.332603,-4.526882,-2.748042,0.7092317,1.205182,0.4837394,-1.125323,0.00965717,-0.02072338,-0.115852,0.0260218,-0.5384603,1.290553,0.2884898,0.7785669,1.434456,0.3897505,-0.01836994,-0.07012823,-0.1017583,-0.9319072,-0.001425457,0.04341032,0.8203822,1.468099,0.2069914,0.428761,1.061895,0.3666975,298.9102,244.3953,3.249815,False
3,0.7444451,-0.1117338,0.1474371,-0.1151459,-1.331699,-4.526955,-2.746978,0.7090825,1.205376,0.4835222,-1.125665,-0.03132726,-0.04105801,-0.07754038,0.02546064,-0.538089,1.291145,0.289129,0.7785982,1.434497,0.3894582,-0.02258252,-0.05096699,-0.09318028,-0.9326598,-0.001235574,0.04368969,0.82063,1.467974,0.2067091,0.4281536,1.062731,0.3672897,298.7465,244.4825,3.426136,False
3,0.7555562,-0.1007939,0.09748949,-0.1042029,-1.330738,-4.526848,-2.746347,0.7089219,1.205594,0.4832706,-1.12571,-0.003888536,-0.05918181,-0.06374479,0.02684611,-0.5378845,1.290114,0.2912092,0.7786291,1.434673,0.3891807,-0.03644266,-0.04245764,-0.09306116,-0.9337176,-0.001494832,0.04475735,0.8207931,1.467862,0.206461,0.4276452,1.063384,0.3676656,298.6558,244.4421,3.65765,False
3,0.7666674,-0.09430316,0.07943262,-0.1009071,-1.329912,-4.527493,-2.745363,0.7088089,1.205751,0.4830329,-1.125777,-0.006082278,-0.0739652,-0.0425618,0.04101997,-0.5368741,1.290054,0.2926268,0.7786251,1.434712,0.388912,-0.05571562,-0.02754983,-0.1035455,-0.9351983,-0.001162337,0.04586017,0.8210372,1.467734,0.2062073,0.4272636,1.063877,0.3678323,298.6162,244.3679,3.822925,False
3,0.7777785,-0.08572088,0.07639931,-0.08172538,-1.33,-4.52838,-2.744575,0.7085711,1.205844,0.4828353,-1.126167,-0.03562513,-0.06214511,-0.01066172,0.05492619,-0.5355521,1.291284,0.2918665,0.7786211,1.434745,0.3887496,-0.05050473,-0.01582199,-0.1163606,-0.9369874,-0.001036635,0.04617761,0.8211735,1.467638,0.2061067,0.4269904,1.064224,0.3677533,298.6168,244.2678,3.967462,False
3,0.7888896,-0.079327,0.08292499,-0.06579927,-1.330275,-4.529604,-2.743631,0.7083821,1.205976,0.4826632,-1.126009,0.01475806,-0.05899161,0.01490618,0.05611698,-0.534595,1.292827,0.2910984,0.7786165,1.434829,0.3885391,-0.05475621,-0.008371539,-0.1141879,-0.9381943,-0.0007691209,0.04677443,0.821359,1.467527,0.2059116,0.4268121,1.064448,0.367437,298.6383,244.1258,4.070425,False
3,0.8000008,-0.08357893,0.09265907,-0.03922207,-1.331217,-4.530765,-2.742311,0.7081339,1.206082,0.4823892,-1.126202,-0.01782685,-0.0675313,0.02341087,0.05628311,-0.5338264,1.293413,0.2916694,0.7785959,1.434925,0.3883321,-0.0630091,0.01287597,-0.07680843,-0.9376063,0.000193745,0.04725247,0.8215975,1.467484,0.2057035,0.4266432,1.064584,0.3669724,298.6774,244.0157,4.040991,False
3,0.8111119,-0.09424651,0.1055212,-0.01690933,-1.332283,-4.531932,-2.740702,0.7078171,1.206186,0.4821708,-1.12611,0.008590622,-0.07040375,0.0413298,0.08520133,-0.5316298,1.294356,0.2917821,0.7786115,1.434986,0.3881619,-0.06923777,0.02882223,-0.05436614,-0.9374104,0.001209075,0.04758883,0.8219231,1.467466,0.205502,0.4263994,1.06468,0.3664686,298.7144,244.0098,3.869357,False
3,0.8222231,-0.1166757,0.1214559,-0.006316811,-1.333182,-4.533659,-2.738272,0.7074262,1.206401,0.481842,-1.125678,0.03938869,-0.06371462,0.06991745,0.1140739,-0.5288708,1.296161,0.2907083,0.7786533,1.435176,0.3879213,-0.06601153,0.03201629,-0.0501265,-0.9377858,0.001812148,0.04784848,0.8221043,1.4674,0.2053003,0.4260821,1.064802,0.3660278,298.7534,244.0828,3.660045,False
3,0.8333342,-0.1390914,0.1330659,-0.005280539,-1.333786,-4.535407,-2.735759,0.7069204,1.206584,0.4816098,-1.125352,0.0294402,-0.076519,0.1220422,0.1220312,-0.5264867,1.301199,0.2877202,0.7786816,1.435301,0.3877447,-0.07324176,0.03303628,-0.02130878,-0.937128,0.002153832,0.04869404,0.8223608,1.46726,0.2050638,0.4256462,1.065008,0.3656714,298.7874,244.2424,3.455598,False
3,0.8444453,-0.1935512,0.1561877,-0.01170702,-1.334475,-4.537933,-2.731272,0.7062025,1.206903,0.4812219,-1.124696,0.05976474,-0.09662007,0.1581067,0.1395642,-0.523603,1.305734,0.2855694,0.7788368,1.435483,0.3875186,-0.05614018,0.01706731,-0.01613516,-0.9371195,0.001767939,0.04901255,0.8226224,1.467186,0.2048287,0.4250591,1.065357,0.3653975,298.8091,244.42,3.291338,False
3,0.8555565,-0.228747,0.164513,-0.01487209,-1.335195,-4.539925,-2.727293,0.7055387,1.207219,0.4809644,-1.124663,0.002654371,-0.104916,0.1590399,0.157786,-0.5208621,1.307718,0.2852632,0.7790204,1.435716,0.3872707,-0.04131687,4.915893E-05,-0.02905333,-0.9379307,0.001083374,0.0494794,0.8228831,1.46712,0.2045989,0.4242568,1.065924,0.3652012,298.8199,244.5596,3.190536,False
3,0.8666676,-0.2959471,0.1768743,-0.02866321,-1.335447,-4.54248,-2.721313,0.7047967,1.207594,0.4805503,-1.123065,0.1462305,-0.0809703,0.1215879,0.1913347,-0.5176716,1.305892,0.2868989,0.7794359,1.435937,0.3870041,-0.02332624,-0.02441405,-0.04733381,-0.939128,-0.0002239718,0.049885,0.8231269,1.46704,0.2043722,0.4231914,1.066752,0.365096,298.7708,244.6433,3.151388,False
3,0.8777788,-0.3460871,0.1872236,-0.03714421,-1.335878,-4.545035,-2.715259,0.7040838,1.208092,0.4801815,-1.123538,-0.04422962,-0.06676123,0.08206347,0.2132663,-0.515016,1.303398,0.2893658,0.7798524,1.436103,0.3867872,-0.02018521,-0.03718618,-0.05588275,-0.9398551,-0.001135306,0.05059766,0.8234282,1.466903,0.2041454,0.4217715,1.067928,0.3650627,298.7058,244.774,3.115864,False
3,0.8888899,-0.430337,0.2016599,-0.04558729,-1.33631,-4.547929,-2.706966,0.7031568,1.208665,0.4797683,-1.122083,0.1337109,-0.05998306,0.02761308,0.2341385,-0.5123059,1.298628,0.2939637,0.7803799,1.436352,0.3864865,-0.003105156,-0.05528224,-0.05281557,-0.9399601,-0.002505102,0.05101924,0.8236092,1.466897,0.203892,0.4201846,1.069517,0.3650884,298.5125,244.8398,3.199667,False
3,0.900001,-0.524183,0.2170746,-0.05934729,-1.336478,-4.551059,-2.697417,0.7021154,1.209306,0.4793301,-1.122244,-0.01562099,-0.03519809,-0.01291542,0.2495479,-0.5095836,1.29381,0.2977755,0.7808589,1.436518,0.3861792,0.01398915,-0.07231517,-0.04870846,-0.9404293,-0.004182228,0.05129062,0.8238038,1.466866,0.2036579,0.4184222,1.071541,0.3651133,298.2602,244.8716,3.358375,False
3,0.9111122,-0.624469,0.2399176,-0.07314225,-1.336781,-4.554791,-2.686502,0.7010472,1.209822,0.4788778,-1.120619,0.1492172,-0.004422113,-0.04897231,0.2340108,-0.5081743,1.288955,0.3009915,0.781422,1.436712,0.3859103,0.02263045,-0.0808419,-0.03386864,-0.9403536,-0.005574129,0.05167571,0.8240092,1.466911,0.2033978,0.4165459,1.074027,0.3650967,297.9189,244.8503,3.563353,False
3,0.9222233,-0.730027,0.2542374,-0.08260629,-1.337167,-4.558386,-2.674108,0.6997409,1.210583,0.4784799,-1.119845,0.06983174,-0.01038714,-0.0646151,0.1807194,-0.5083389,1.286771,0.3032312,0.7819039,1.436877,0.3855109,0.02815664,-0.09365091,-0.01046317,-0.9393986,-0.007433282,0.05229596,0.8242401,1.466937,0.2030582,0.4143869,1.076981,0.3649703,297.5388,244.8035,3.777792,False
3,0.9333345,-0.7918549,0.2581081,-0.09529354,-1.337188,-4.56175,-2.662885,0.6985215,1.211398,0.4780681,-1.119283,0.0515229,-0.04834048,-0.08563834,0.1245999,-0.5091911,1.284023,0.3075141,0.7823837,1.437089,0.3852341,0.04632752,-0.1106749,-0.005269218,-0.9389997,-0.009459016,0.05238571,0.8245909,1.466784,0.2028685,0.4119085,1.08045,0.3647064,297.0685,244.6313,4.085557,False
3,0.9444456,-0.8835325,0.25853,-0.1238745,-1.33645,-4.565491,-2.649014,0.6969289,1.212414,0.4776881,-1.118532,0.06888478,-0.07187518,-0.1143704,0.1119277,-0.509075,1.279144,0.3133704,0.7829553,1.437341,0.3849568,0.06432043,-0.1117055,-0.02032692,-0.9397624,-0.01099127,0.05200381,0.8248889,1.466747,0.2026155,0.4091386,1.084454,0.3643212,296.4799,244.3782,4.435427,False
3,0.9555568,-0.9613348,0.255842,-0.1513987,-1.335596,-4.569218,-2.635275,0.695188,1.21359,0.4774561,-1.120386,-0.1695649,-0.09319224,-0.1516527,0.1044979,-0.508954,1.273074,0.3202499,0.7834569,1.437608,0.3846889,0.06102359,-0.114887,-0.03305768,-0.9401944,-0.01254895,0.05246614,0.8250985,1.46679,0.2023239,0.4061335,1.089038,0.3638255,295.8228,244.051,4.843284,False
3,0.9666679,-1.033703,0.231896,-0.1745408,-1.334186,-4.57217,-2.620808,0.6933344,1.214884,0.4771423,-1.118831,0.144339,-0.1249814,-0.1784145,0.1132521,-0.508334,1.26664,0.3281347,0.7840847,1.438012,0.384362,0.05238681,-0.1265955,-0.04898279,-0.9413758,-0.01470038,0.05342408,0.8254546,1.466761,0.2020619,0.4030992,1.094135,0.3632647,295.006,243.4664,5.480218,False
3,0.977779,-1.076259,0.2134559,-0.1913905,-1.332694,-4.575026,-2.60691,0.6915339,1.216175,0.4767601,-1.119553,-0.06691165,-0.1513351,-0.1881915,0.1337651,-0.5071026,1.260546,0.3359762,0.7845815,1.438357,0.3840237,0.04798593,-0.1414889,-0.06811535,-0.9424347,-0.01709803,0.05450958,0.825851,1.46679,0.201762,0.3998336,1.099663,0.3626687,294.1897,242.7021,6.232444,False
3,0.9888902,-1.164522,0.1712854,-0.2218473,-1.330157,-4.577378,-2.590748,0.6893198,1.217879,0.4765663,-1.119552,0.001409679,-0.1891369,-0.1715254,0.1801631,-0.5042301,1.255595,0.3435829,0.7850366,1.438711,0.38361,0.04680398,-0.1425383,-0.08302184,-0.9439495,-0.01900405,0.05514688,0.826176,1.466748,0.2015088,0.3963898,1.105593,0.3621144,293.3296,241.7724,7.13782,False
3,1.000001,-1.223034,0.1441845,-0.2492582,-1.327526,-4.579999,-2.574757,0.6870393,1.219535,0.4762738,-1.120826,-0.1160733,-0.232393,-0.1377888,0.2203462,-0.5008959,1.252136,0.3506126,0.7853987,1.439055,0.3831975,0.04461765,-0.1318626,-0.08722179,-0.9446205,-0.01990313,0.05536126,0.8266748,1.466612,0.2013211,0.3928772,1.11185,0.3616016,292.4244,240.7195,8.252817,False
3,1.011112,-1.299729,0.1319154,-0.2746179,-1.323186,-4.586175,-2.542494,0.6824774,1.222945,0.4755912,-1.119304,0.1407573,-0.2954819,-0.1138779,0.2905557,-0.4937991,1.242023,0.3677431,0.7862926,1.439892,0.3824005,0.0564069,-0.1180048,-0.07660104,-0.9454786,-0.02239266,0.05501745,0.8271431,1.466562,0.2008061,0.3894121,1.118309,0.3611045,291.4792,239.4759,9.590766,False
3,1.022224,-1.299729,0.1319154,-0.2746179,-1.323186,-4.586175,-2.542494,0.6824774,1.222945,0.4755912,-1.1057,1.24327,-0.2954819,-0.1138779,0.2905557,-0.4937991,1.242023,0.3677431,0.7862926,1.439892,0.3824005,0.0564069,-0.1180048,-0.07660104,-0.9454786,-0.02239266,0.05501745,0.8271431,1.466562,0.2008061,0.3852531,1.124972,0.3605087,290.8358,238.1542,10.90953,False
3,1.033335,-1.330657,0.1392117,-0.2788711,-1.32165,-4.589737,-2.526041,0.680156,1.22473,0.4752965,-1.135492,-2.733537,-0.3166642,-0.1012176,0.3026248,-0.4905681,1.23773,0.3757276,0.7867428,1.440223,0.3820095,0.04686718,-0.1158932,-0.07119811,-0.9462009,-0.023957,0.05564542,0.8273498,1.466493,0.2005515,0.3799064,1.132656,0.3597151,290.6508,237.012,12.13822,False
3,1.044446,-1.370147,0.1506841,-0.2863209,-1.320058,-4.593571,-2.508417,0.6775216,1.226677,0.4749148,-1.123274,1.141781,-0.3669444,-0.09483829,0.2873151,-0.488583,1.233973,0.3847746,0.7869344,1.440621,0.3816912,0.01922188,-0.116993,-0.06458895,-0.9467245,-0.02561109,0.05740071,0.8276509,1.466452,0.2002792,0.3771451,1.140558,0.3592347,288.8449,234.2539,15.05613,False
3,1.055557,-1.39896,0.1568731,-0.2969791,-1.31816,-4.597561,-2.490856,0.6751796,1.22844,0.4745438,-1.121814,0.1211622,-0.3979157,-0.09486896,0.2813166,-0.486257,1.229285,0.3943098,0.7871858,1.440894,0.3812819,0.004134923,-0.1169625,-0.08466674,-0.9477929,-0.02673814,0.05867103,0.8284012,1.466375,0.1999919,0.3745731,1.147948,0.3587295,287.3774,231.9899,17.37472,False
3,1.066668,-1.438438,0.1618872,-0.3150425,-1.316047,-4.601835,-2.472225,0.672496,1.230522,0.4741507,-1.121199,0.05660612,-0.4224245,-0.09704721,0.2805468,-0.4838463,1.224401,0.4042239,0.7873611,1.441179,0.3809025,0.0007518828,-0.1062878,-0.1070001,-0.9498143,-0.02763309,0.05931286,0.8287662,1.466292,0.1997809,0.3715911,1.154887,0.3581434,286.4933,229.8724,19.46421,False
3,1.077779,-1.47151,0.1669469,-0.3331367,-1.313861,-4.606359,-2.453661,0.669834,1.232618,0.4738021,-1.121774,-0.05259224,-0.44703,-0.1055619,0.271219,-0.4818596,1.219047,0.414716,0.7874315,1.441574,0.3805294,0.002730086,-0.08708583,-0.1251116,-0.9518601,-0.02785214,0.05911712,0.828902,1.46621,0.1997015,0.3680288,1.161585,0.3574995,285.979,228.016,21.29895,False
3,1.08889,-1.504636,0.1848455,-0.3374558,-1.312446,-4.610996,-2.43456,0.6672385,1.234813,0.4733257,-1.121385,0.03649377,-0.4608132,-0.09179226,0.2789396,-0.4790116,1.215012,0.423939,0.7875527,1.441952,0.3802195,-0.01330982,-0.07644153,-0.1313649,-0.9535747,-0.02834029,0.0600953,0.8291951,1.466118,0.1995564,0.3642244,1.168236,0.3568745,285.5551,226.116,23.21288,False
3,1.100002,-1.531358,0.2017423,-0.3396397,-1.311352,-4.615853,-2.41528,0.6644284,1.237019,0.4729142,-1.12199,-0.05529805,-0.4818246,-0.07070467,0.3059784,-0.4749535,1.211004,0.4336071,0.7877837,1.442348,0.3798168,-0.04199383,-0.0583772,-0.1194118,-0.9546325,-0.0284379,0.06160957,0.8294899,1.466017,0.1993561,0.3602415,1.175064,0.3562906,285.1655,224.1315,25.22976,False
3,1.111113,-1.553849,0.2315354,-0.327009,-1.311301,-4.620863,-2.395964,0.6616778,1.239228,0.4724889,-1.122054,-0.005052525,-0.4879677,-0.03998122,0.3307595,-0.4705385,1.208149,0.4417683,0.7878551,1.442685,0.3795345,-0.04717492,-0.04245476,-0.1013035,-0.956044,-0.02886427,0.06225539,0.829535,1.465942,0.1991568,0.3563369,1.182227,0.3557967,284.7087,221.8845,27.54216,False
3,1.122224,-1.578406,0.2442168,-0.3227787,-1.31092,-4.625622,-2.376502,0.6588842,1.241536,0.4720287,-1.122393,-0.03068402,-0.5073221,-0.04526138,0.3160468,-0.4682828,1.203773,0.4519323,0.7879063,1.443031,0.3789597,-0.03745539,-0.03607425,-0.08432685,-0.9564285,-0.0290989,0.06240639,0.8297735,1.465851,0.1990316,0.3525967,1.189833,0.3553729,284.1535,219.4081,30.13985,False
3,1.133335,-1.592245,0.2452478,-0.3163848,-1.3103,-4.630054,-2.357289,0.6562759,1.243907,0.47155,-1.122857,-0.04182138,-0.54129,-0.07519516,0.3215975,-0.4658998,1.196551,0.4656433,0.7879504,1.443387,0.3785005,-0.03101946,-0.03502692,-0.08016689,-0.9580216,-0.02981582,0.06277017,0.8301092,1.465816,0.1988404,0.3489623,1.197927,0.3549836,283.4943,216.4094,33.27388,False
3,1.144446,-1.616705,0.237681,-0.3141585,-1.309602,-4.6343,-2.337352,0.6534851,1.24628,0.471112,-1.12307,-0.01887146,-0.554536,-0.09255895,0.3663998,-0.4617229,1.187696,0.4802127,0.7880044,1.443692,0.3781905,-0.02474889,-0.02755297,-0.09620529,-0.9598863,-0.02992528,0.06276485,0.8304713,1.465649,0.1987205,0.3454804,1.206471,0.3546061,282.7459,212.7806,37.05868,False
3,1.155557,-1.636985,0.2471778,-0.3099206,-1.309494,-4.63888,-2.317348,0.6508573,1.248586,0.4705501,-1.123586,-0.04682215,-0.531693,-0.08956817,0.4044695,-0.457147,1.180084,0.4921551,0.7880377,1.443872,0.3778903,-0.02599286,-0.03180555,-0.1196743,-0.9625708,-0.0306394,0.0634839,0.8308761,1.465507,0.1985869,0.342196,1.215363,0.3541921,282.0063,208.2663,41.75264,False
3,1.166668,-1.646671,0.2717064,-0.3004616,-1.310347,-4.643927,-2.297512,0.6481673,1.250937,0.4700816,-1.123177,0.03803897,-0.5253445,-0.08846813,0.4012002,-0.4537622,1.173462,0.5037422,0.7880346,1.444129,0.3776329,-0.03676021,-0.0200967,-0.1334656,-0.9650859,-0.03050638,0.06410761,0.8313516,1.465415,0.1985784,0.339189,1.224452,0.3536984,281.3403,202.7295,47.45329,False
3,1.17778,-1.647852,0.2984095,-0.2899725,-1.311655,-4.649186,-2.277674,0.6455106,1.253348,0.4695966,-1.12345,-0.02509071,-0.539585,-0.08722579,0.3704961,-0.4515661,1.168457,0.5148324,0.7881206,1.444355,0.37743,-0.04318307,-0.01051157,-0.1366,-0.9666811,-0.03009984,0.06452893,0.8316509,1.465277,0.198616,0.3363344,1.233631,0.3530754,280.7896,196.4525,53.85007,False
3,1.188891,-1.646905,0.3294275,-0.2709939,-1.3138,-4.654238,-2.258108,0.6428257,1.2558,0.4691324,-1.124055,-0.05492494,-0.5889835,-0.1009677,0.3369412,-0.4500348,1.162037,0.5287906,0.7880371,1.444417,0.3772626,-0.04961908,0.0129211,-0.1397316,-0.9684415,-0.02877745,0.06449564,0.8319923,1.46516,0.1986825,0.3336478,1.242804,0.3523316,280.3655,189.744,60.6217,False
3,1.200002,-1.643593,0.3135663,-0.2517514,-1.314643,-4.657898,-2.238939,0.6400732,1.258468,0.4687462,-1.124393,-0.03024362,-0.6146691,-0.1137321,0.3254639,-0.4481258,1.15486,0.5429938,0.7879863,1.444599,0.37711,-0.05170864,0.02995228,-0.1322528,-0.9698088,-0.02760353,0.06448632,0.8322076,1.464974,0.198766,0.3310642,1.251918,0.351535,280.0761,182.8564,67.49684,False
3,1.211113,-1.641352,0.2944524,-0.2441716,-1.315203,-4.661636,-2.219729,0.6373108,1.261013,0.4682875,-1.124806,-0.03739731,-0.61575,-0.1243541,0.3211584,-0.4459261,1.147307,0.556399,0.7877621,1.444877,0.3768635,-0.04741164,0.03205813,-0.1280587,-0.9716256,-0.0274532,0.06472014,0.8325804,1.464892,0.1987126,0.328559,1.260944,0.350767,279.9257,176.0698,74.24987,False
3,1.222224,-1.639019,0.2561406,-0.2396747,-1.314986,-4.664636,-2.200929,0.634564,1.263665,0.4678695,-1.125017,-0.01889323,-0.6039307,-0.1531109,0.3240197,-0.4442653,1.137609,0.5714291,0.7876291,1.445093,0.3767412,-0.0453482,0.03207012,-0.1365976,-0.9733891,-0.02688048,0.06480669,0.8328395,1.464791,0.1987562,0.3261259,1.269869,0.3500722,279.8959,169.5288,80.79469,False
3,1.233335,-1.630378,0.2306129,-0.2405787,-1.314894,-4.667952,-2.182344,0.6319868,1.26624,0.4674244,-1.125112,-0.008505668,-0.6016866,-0.1584867,0.3314126,-0.4420704,1.12894,0.5857109,0.7875216,1.445479,0.376384,-0.04539184,0.04271525,-0.1419268,-0.9753172,-0.0259549,0.06468925,0.8333063,1.464854,0.1987369,0.3237891,1.278664,0.3494031,280.0404,163.2752,87.12023,False
3,1.244446,-1.6131,0.1881483,-0.2307589,-1.314155,-4.670093,-2.164667,0.6293367,1.268962,0.4670117,-1.125422,-0.02822893,-0.604766,-0.1500408,0.3421597,-0.4394045,1.1209,0.5997777,0.787401,1.445758,0.3762391,-0.04864942,0.05017022,-0.1504208,-0.9772294,-0.02502373,0.06460749,0.8335124,1.464708,0.1988394,0.3215703,1.287297,0.3487073,280.3323,157.3923,93.09994,False
3,1.255558,-1.602236,0.1488401,-0.2241543,-1.313285,-4.672338,-2.146745,0.6269335,1.271699,0.4667132,-1.125796,-0.03393715,-0.5875036,-0.144795,0.3600831,-0.4365709,1.112154,0.6136381,0.7874733,1.445975,0.3761709,-0.05295219,0.05122969,-0.1557278,-0.9793157,-0.02429189,0.06490896,0.8336965,1.46442,0.1990075,0.3195337,1.295741,0.3479386,280.7393,152.1088,98.45864,False
3,1.266669,-1.587112,0.1138648,-0.2090582,-1.312469,-4.674006,-2.129302,0.6246043,1.274424,0.4663281,-1.126439,-0.05849071,-0.571451,-0.1479895,0.3651868,-0.434157,1.103021,0.6276932,0.7873929,1.446228,0.3760204,-0.07215622,0.05547027,-0.1598348,-0.9811868,-0.02339813,0.06575718,0.8337893,1.464363,0.1991262,0.3177225,1.303988,0.3470853,281.2192,147.4424,103.161,False
3,1.27778,-1.571036,0.09480213,-0.2046931,-1.311819,-4.676105,-2.111869,0.6223029,1.277207,0.4659348,-1.126238,0.01880755,-0.5552646,-0.1682745,0.377657,-0.4317906,1.09134,0.6439018,0.7872781,1.446586,0.3757274,-0.07329956,0.06293169,-0.1683509,-0.9834159,-0.0221808,0.06598115,0.834057,1.464262,0.1991973,0.3161249,1.312036,0.3461054,281.7667,143.3778,107.2198,False
3,1.288891,-1.547486,0.07361372,-0.2003299,-1.310882,-4.677868,-2.095138,0.6201733,1.279964,0.4654593,-1.126472,-0.02171323,-0.544391,-0.1949646,0.3901443,-0.4297681,1.078679,0.661118,0.7872157,1.446779,0.3755558,-0.06586108,0.06400614,-0.1716178,-0.9855347,-0.02119437,0.06578061,0.8341948,1.464054,0.1992936,0.314781,1.319903,0.3450039,282.3523,139.949,110.5926,False
3,1.300002,-1.517604,0.06527522,-0.1950103,-1.310284,-4.679853,-2.078938,0.6179703,1.282699,0.4650583,-1.126545,-0.006474989,-0.5336294,-0.2130863,0.3952163,-0.4280749,1.066369,0.677799,0.7870858,1.447061,0.3754697,-0.07548405,0.06613215,-0.175801,-0.9876083,-0.02005427,0.06627969,0.8342695,1.463897,0.1994395,0.3136432,1.327651,0.3437652,282.9614,136.911,113.5468,False
3,1.311113,-1.482446,0.06763573,-0.1844296,-1.310209,-4.681772,-2.063078,0.615877,1.285496,0.4646721,-1.127061,-0.04727486,-0.5063668,-0.1942037,0.4493262,-0.4237126,1.053258,0.6945865,0.7868874,1.447352,0.3753686,-0.07972696,0.07144554,-0.1736528,-0.9896861,-0.01886796,0.06656651,0.8343511,1.463672,0.1996877,0.3126483,1.335349,0.3424141,283.6057,134.1952,116.1493,False
3,1.322224,-1.444096,0.07756995,-0.1600655,-1.310809,-4.683244,-2.047945,0.6137245,1.288302,0.464304,-1.127552,-0.04455125,-0.4549129,-0.1250879,0.4864106,-0.4178169,1.044508,0.7058759,0.7866361,1.447633,0.375288,-0.09139256,0.07781704,-0.1660965,-0.991227,-0.01743385,0.0671809,0.8343402,1.463539,0.1999016,0.3118282,1.342987,0.3409891,284.3111,131.6547,118.5565,False
3,1.333336,-1.423839,0.07990536,-0.1430694,-1.311166,-4.684692,-2.032269,0.6115696,1.291162,0.4638209,-1.127718,-0.01498913,-0.4493077,-0.1087072,0.4267831,-0.4163975,1.039037,0.7156923,0.7864571,1.448033,0.3750944,-0.1059707,0.08733414,-0.1223134,-0.9914325,-0.01599921,0.06800915,0.8343476,1.463489,0.2000716,0.3111063,1.350565,0.3395599,285.0532,129.2341,120.7931,False
3,1.344447,-1.398178,0.06950805,-0.1228145,-1.311289,-4.685468,-2.01753,0.6094344,1.293962,0.4633975,-1.128097,-0.03472487,-0.4956347,-0.1287602,0.3824931,-0.4157541,1.030589,0.7303834,0.7861435,1.448321,0.3749375,-0.1057387,0.08943002,-0.09248351,-0.9913654,-0.01473407,0.06847493,0.8344054,1.463409,0.2001803,0.3104503,1.358079,0.3382055,285.7682,126.9825,122.8502,False
3,1.355558,-1.380995,0.04294467,-0.1237472,-1.310306,-4.686507,-2.002627,0.6073487,1.296778,0.4630845,-1.12734,0.06931688,-0.5278524,-0.1467976,0.3582943,-0.4148071,1.020473,0.7464502,0.7858665,1.4486,0.374918,-0.09077574,0.0755856,-0.08836693,-0.9924025,-0.01431422,0.06866934,0.8346214,1.463444,0.2002418,0.3097963,1.365525,0.3369596,286.455,124.8278,124.8619,False
3,1.366669,-1.344404,-0.0422765,-0.1552474,-1.305809,-4.689265,-1.972927,0.6031837,1.302463,0.4622176,-1.127783,-0.04133187,-0.5957828,-0.1289783,0.3806009,-0.4102413,1.000231,0.7801437,0.7850935,1.44922,0.3745558,-0.08694221,0.04476361,-0.1459724,-0.9973639,-0.01368958,0.07026271,0.8349468,1.463075,0.2002683,0.3091177,1.372908,0.3357921,287.1205,122.9476,126.6861,False
3,1.37778,-1.344404,-0.0422765,-0.1552474,-1.305809,-4.689265,-1.972927,0.6031837,1.302463,0.4622176,-1.113321,1.32281,-0.5957828,-0.1289783,0.3806009,-0.4102413,1.000231,0.7801437,0.7850935,1.44922,0.3745558,-0.08694221,0.04476361,-0.1459724,-0.9973639,-0.01368958,0.07026271,0.8349468,1.463075,0.2002683,0.3078951,1.380542,0.3345405,287.7501,121.6332,127.9519,False
3,1.388891,-1.324031,-0.0753175,-0.171086,-1.303134,-4.690817,-1.958194,0.6012154,1.30537,0.4617887,-1.141155,-2.556101,-0.5731199,-0.09183404,0.410384,-0.4060532,0.9905563,0.7947339,0.7845543,1.449401,0.3743622,-0.07645635,0.06184278,-0.1652185,-0.9998029,-0.01191805,0.069839,0.8350183,1.462889,0.2003868,0.306049,1.389321,0.3329938,288.1188,121.7823,127.8635,False
3,1.400002,-1.302714,-0.08059701,-0.1785474,-1.301287,-4.692489,-1.943883,0.5990892,1.308187,0.4613338,-1.129528,1.08587,-0.5626044,-0.07898882,0.4007336,-0.403813,0.9822172,0.8080715,0.7840724,1.449776,0.3741295,-0.08822518,0.06609146,-0.1704472,-1.001741,-0.01076703,0.070655,0.8350206,1.462677,0.2005534,0.3070204,1.396354,0.3320235,289.5598,118.8105,130.8054,False
3,1.411114,-1.266549,-0.07083726,-0.1797419,-1.3002,-4.694261,-1.930302,0.5970606,1.310875,0.4609914,-1.127097,0.2100336,-0.5609641,-0.1085416,0.3568365,-0.4039131,0.9733891,0.8224318,0.7835335,1.449966,0.3739884,-0.1191142,0.09801921,-0.1648407,-1.00323,-0.008006394,0.0716686,0.8350161,1.462532,0.2007103,0.3079475,1.402622,0.3310517,290.7077,116.5941,132.9161,False
3,1.422225,-1.227248,-0.04393929,-0.1693345,-1.300004,-4.695947,-1.917368,0.5949311,1.31358,0.4606428,-1.127206,-0.01104311,-0.5957025,-0.1689395,0.2950931,-0.4059456,0.9643357,0.8385242,0.7828285,1.450399,0.3739226,-0.1382008,0.1352671,-0.1486692,-1.004151,-0.00463896,0.07205129,0.8349508,1.462434,0.2008739,0.3081722,1.408647,0.3298998,291.5261,115.7453,133.6487,False
3,1.433336,-1.201778,-0.02138449,-0.1577926,-1.300045,-4.697341,-1.904233,0.5929492,1.316367,0.460361,-1.127803,-0.0543877,-0.59984,-0.1722028,0.3047137,-0.4047999,0.9538011,0.8551013,0.7822055,1.45073,0.3738248,-0.147687,0.1533525,-0.1336575,-1.004981,-0.00191215,0.07244038,0.83477,1.462442,0.2010276,0.3076722,1.414655,0.328607,292.1058,115.4317,133.8142,False
3,1.444447,-1.164634,0.01407829,-0.1389121,-1.30112,-4.698719,-1.892116,0.5908388,1.319071,0.4600008,-1.128247,-0.0403447,-0.5750304,-0.1222937,0.3377482,-0.4013863,0.9447724,0.869117,0.7814479,1.45108,0.3737199,-0.1540276,0.152275,-0.1272189,-1.006125,0.0001623197,0.07324359,0.8345387,1.462427,0.2011433,0.3067773,1.420636,0.3273242,292.5888,115.1395,133.9362,False
3,1.455558,-1.126338,0.02923319,-0.128429,-1.301425,-4.699957,-1.880524,0.5889059,1.321804,0.4596322,-1.127738,0.04667717,-0.5579183,-0.1010015,0.3472583,-0.398958,0.9360781,0.8827718,0.7808435,1.451398,0.3735409,-0.1604312,0.1533391,-0.1282336,-1.007498,0.002379002,0.07406544,0.8344687,1.462341,0.2013111,0.3057572,1.426565,0.326173,293.036,114.7182,134.2071,False
3,1.466669,-1.09011,0.03160945,-0.1189298,-1.301515,-4.701109,-1.869308,0.5869172,1.324558,0.4591553,-1.12841,-0.06201832,-0.5574595,-0.06505585,0.3901007,-0.3949692,0.9253253,0.8989223,0.7800046,1.451757,0.3732991,-0.1730337,0.1628964,-0.1025688,-1.007891,0.005103948,0.07510966,0.8342401,1.462302,0.2014523,0.3048343,1.432455,0.3252103,293.4479,114.2328,134.5995,False
3,1.47778,-1.06883,0.03596377,-0.1200585,-1.301574,-4.702592,-1.857694,0.5849459,1.327502,0.4586263,-1.128668,-0.02329867,-0.5711566,-0.04601964,0.4053267,-0.3918793,0.9147351,0.9155551,0.7792685,1.4522,0.3731365,-0.1772285,0.1660806,-0.0940031,-1.008411,0.00750785,0.07586387,0.8341305,1.462256,0.2016346,0.3040923,1.438338,0.3244417,293.8956,113.5769,135.231,False
3,1.488891,-1.046404,0.02218087,-0.1274745,-1.300862,-4.704154,-1.846591,0.5829587,1.330283,0.4580765,-1.12869,-0.002166323,-0.5808579,-0.06301174,0.3936179,-0.390487,0.9045011,0.9317053,0.7784156,1.452586,0.3728867,-0.1792713,0.1745902,-0.08120099,-1.008802,0.01023972,0.07649664,0.8340673,1.462176,0.201803,0.3035801,1.444178,0.3238135,294.4036,112.8761,135.9875,False
3,1.500003,-1.031427,0.004035547,-0.1412443,-1.299676,-4.70594,-1.835142,0.5808959,1.333141,0.4575214,-1.128045,0.05882895,-0.5939808,-0.09159967,0.3616519,-0.3904215,0.8949369,0.9475269,0.7775526,1.452968,0.3726227,-0.1771211,0.175663,-0.07907769,-1.009377,0.01275042,0.07697202,0.8339033,1.462086,0.2019444,0.3031732,1.450032,0.3232084,294.952,112.1751,136.7779,False
3,1.511114,-1.038749,-0.02911851,-0.1548958,-1.29766,-4.707795,-1.82269,0.5789616,1.335796,0.4569914,-1.128198,-0.01475502,-0.627448,-0.160613,0.3147529,-0.3928365,0.8845295,0.9652976,0.7766386,1.453351,0.3724122,-0.1805139,0.1756929,-0.1035576,-1.011257,0.01527123,0.07780984,0.8338431,1.462028,0.2020066,0.3027752,1.455963,0.3225378,295.5199,111.5509,137.4869,False
3,1.522225,-1.055683,-0.05375341,-0.162165,-1.295785,-4.709466,-1.809904,0.5768976,1.338404,0.4565134,-1.126237,0.1772282,-0.6291999,-0.154435,0.3457006,-0.3915699,0.871858,0.9840761,0.7753848,1.453631,0.3722665,-0.1893024,0.1672045,-0.1375728,-1.01359,0.01738365,0.07918031,0.8335142,1.461912,0.2020168,0.3023664,1.461836,0.3217739,296.2093,110.9257,138.1663,True
3,1.533336,-1.059912,-0.05909003,-0.1589478,-1.294631,-4.711005,-1.797521,0.5749982,1.341031,0.4561102,-1.122128,0.3710368,-0.5905135,-0.09598807,0.3828734,-0.3877424,0.8612325,0.9992806,0.774305,1.453962,0.3720193,-0.1969233,0.1650952,-0.1577512,-1.015737,0.0198046,0.08041548,0.8332109,1.461852,0.2021894,0.3018427,1.467494,0.3209153,296.9567,110.3503,138.7508,True
3,1.544447,-1.060015,-0.03451556,-0.1473836,-1.294817,1.570788,-1.785351,0.5729678,1.343578,0.4556806,-1.117399,0.4254696,-0.5816132,-0.00305897,0.3460562,-0.3838654,0.8596207,1.006986,0.7731863,1.454295,0.371907,-0.2020034,0.1735777,-0.1246745,-1.015907,0.02248201,0.0814621,0.8328513,1.461824,0.202435,0.3011782,1.472755,0.3199803,297.6661,109.9267,139.152,True
3,1.555558,-1.055828,-0.009707332,-0.1230805,-1.296042,1.569492,-1.773495,0.5709695,1.346071,0.4554687,-1.112483,0.441621,-0.5927413,0.02482858,0.3133689,-0.3817956,0.8555623,1.01794,0.7722623,1.454838,0.371829,-0.2006282,0.2001661,-0.08203246,-1.015029,0.02613786,0.08169246,0.8324417,1.461821,0.2026968,0.3002817,1.477597,0.3189894,298.2371,109.6534,139.3476,True
3,1.566669,-1.058128,0.02763484,-0.1115883,-1.29733,1.568249,-1.761164,0.5690039,1.348532,0.4549255,-1.106535,0.5352945,-0.6153374,-0.02031699,0.2036265,-0.383933,0.8561321,1.02504,0.7712107,1.455241,0.3717105,-0.190692,0.2352753,-0.03306371,-1.013445,0.03057642,0.08116835,0.8320699,1.461834,0.2029452,0.299141,1.48203,0.3180202,298.6367,109.484,139.3892,True
3,1.577781,-1.062569,0.06282173,-0.1107408,-1.29907,1.566394,-1.748512,0.5671188,1.351071,0.4543271,-1.099852,0.6011491,-0.6380432,-0.07554147,0.1673372,-0.385907,0.850219,1.038335,0.770215,1.455737,0.3714647,-0.1884898,0.2427204,-0.02240783,-1.013075,0.03397075,0.08146503,0.8316095,1.461712,0.2030962,0.2976874,1.486146,0.3171669,298.8962,109.3326,139.3757,True
3,1.588892,-1.059469,0.07984346,-0.1172489,-1.300035,1.564522,-1.736238,0.5652995,1.353565,0.4536207,-1.091706,0.7340772,-0.6579874,-0.1598164,0.1755543,-0.3886724,0.8386376,1.056965,0.7692263,1.456285,0.3713474,-0.1972526,0.2054675,-0.05753664,-1.0148,0.03534587,0.08325122,0.8313528,1.461774,0.203124,0.2959408,1.490001,0.3165469,299.0377,109.1806,139.4027,True
3,1.600003,-1.041379,0.08311673,-0.1194348,-1.300842,1.562883,-1.724611,0.5635153,1.356048,0.453094,-1.083247,0.7612218,-0.6553829,-0.1855918,0.2083829,-0.3895885,0.8267877,1.075168,0.7682045,1.456783,0.3711624,-0.2049532,0.1650233,-0.09373149,-1.016803,0.03621353,0.08531223,0.8309186,1.46181,0.2033205,0.2939149,1.493711,0.3161431,299.0539,109.0995,139.5181,True
3,1.611114,-1.026458,0.08538687,-0.1077472,-1.301673,1.561971,-1.713296,0.5617799,1.358656,0.4525573,-1.074908,0.7498583,-0.5979713,-0.1476465,0.2899379,-0.3868939,0.8121797,1.093352,0.7671015,1.457232,0.3709929,-0.2114531,0.160775,-0.107536,-1.018301,0.03840558,0.08678203,0.8305688,1.46177,0.2035046,0.2917117,1.497379,0.3159285,298.9947,109.1264,139.6471,True
3,1.622225,-1.00399,0.07391725,-0.08534615,-1.30208,1.561705,-1.70276,0.5601407,1.361178,0.4520841,-1.066413,0.7639796,-0.5264896,-0.04008844,0.3174324,-0.3818376,0.8055611,1.102858,0.7659934,1.457583,0.3708825,-0.2210425,0.1852616,-0.1042242,-1.018884,0.04189778,0.08771201,0.8301122,1.461854,0.2038443,0.2895038,1.500986,0.3158506,298.9536,109.1872,139.8078,True
3,1.633336,-0.9964483,0.06447586,-0.06825593,-1.302432,1.561448,-1.691974,0.5584052,1.36385,0.4514973,-1.057125,0.8361775,-0.5045553,-0.003638595,0.2896893,-0.3797529,0.8020374,1.110994,0.7648792,1.458041,0.3707373,-0.2208908,0.2193236,-0.08074835,-1.018627,0.04616856,0.08790482,0.8296683,1.461855,0.2041724,0.2873874,1.504511,0.3158595,298.9377,109.1743,140.0169,True
3,1.644447,-0.9898963,0.03471388,-0.06275617,-1.30172,1.561087,-1.681226,0.5566847,1.36647,0.4509017,-1.047986,0.8216668,-0.5158613,-0.02036557,0.2353914,-0.3805774,0.7993091,1.119843,0.7637796,1.458336,0.3704505,-0.217391,0.2714718,-0.03490352,-1.016871,0.05175135,0.08729176,0.8292394,1.461919,0.2043619,0.285387,1.507971,0.3158613,298.9098,109.0591,140.3156,True
3,1.655559,-0.9684329,-0.001489818,-0.07643379,-1.30029,1.559753,-1.670887,0.5550765,1.368953,0.4502571,-1.03782,0.9157243,-0.5698141,-0.1190864,0.1629812,-0.3850201,0.7953007,1.131545,0.7627021,1.458857,0.3700609,-0.2087741,0.2821209,-0.02111346,-1.016344,0.05590175,0.08715008,0.828889,1.461965,0.2045453,0.283508,1.511327,0.3157508,298.9145,108.886,140.6622,True
3,1.66667,-0.9588233,-0.01327926,-0.0955541,-1.299544,1.558035,-1.660146,0.5534025,1.371462,0.44963,-1.027744,0.9066181,-0.6104824,-0.1893152,0.136402,-0.3887421,0.788659,1.145868,0.7616307,1.459365,0.3697469,-0.2067226,0.2395367,-0.0360867,-1.017152,0.05734824,0.08864412,0.8285778,1.462052,0.2043769,0.2816172,1.514662,0.3154095,298.9473,108.7616,140.9338,True
3,1.677781,-0.9332256,-0.03362544,-0.1317026,-1.298263,1.555309,-1.649846,0.551765,1.373781,0.4490411,-1.018207,0.8573761,-0.6651932,-0.2078973,0.1881065,-0.3898948,0.7757606,1.16714,0.7606157,1.459888,0.3694539,-0.214348,0.2001442,-0.0626946,-1.018571,0.05849087,0.09067398,0.8281602,1.461934,0.2043936,0.2797346,1.517896,0.314799,299.0502,108.78,141.0164,True
3,1.688892,-0.9151155,-0.03247759,-0.1317504,-1.297881,1.553899,-1.639878,0.5501336,1.376362,0.4486375,-1.007709,0.9457082,-0.6160195,-0.1679986,0.2932179,-0.3876785,0.7588161,1.188179,0.7594832,1.460542,0.3691888,-0.2393457,0.1650508,-0.1285871,-1.022283,0.05968304,0.09374194,0.8278402,1.461889,0.2043679,0.277864,1.520935,0.3139781,299.2208,108.9443,140.8512,True
3,1.700003,-0.8831561,-0.02473317,-0.111619,-1.297849,1.553322,-1.631066,0.548484,1.378885,0.4482195,-0.9980883,0.8647168,-0.5292581,-0.1010159,0.3415737,-0.384561,0.7466343,1.202152,0.7583032,1.460888,0.3690712,-0.2641679,0.1608222,-0.1699385,-1.025319,0.06216124,0.09621441,0.8274177,1.461884,0.2046535,0.2759116,1.523829,0.3130713,299.3759,109.1788,140.511,True
3,1.711114,-0.8554877,-0.006287366,-0.0798269,-1.298435,1.553521,-1.622579,0.5469234,1.381416,0.4478137,-0.9878703,0.920105,-0.4541911,0.02500153,0.3190717,-0.3791361,0.7446886,1.206282,0.7571481,1.461251,0.3688345,-0.2715163,0.1863623,-0.1528029,-1.026086,0.06572109,0.09762882,0.8268825,1.461943,0.2050061,0.273869,1.526552,0.3122552,299.5012,109.4875,140.0506,True
3,1.722225,-0.8341268,-0.007089302,-0.05429554,-1.298331,1.553759,-1.614001,0.5453297,1.384158,0.4473324,-0.9785663,0.8360379,-0.4815865,0.07214703,0.2675287,-0.3767409,0.7439282,1.213616,0.7560849,1.461728,0.3685017,-0.255025,0.2459477,-0.08041728,-1.024002,0.07104408,0.09712149,0.8263167,1.461979,0.2052674,0.2716987,1.529222,0.3116291,299.4612,109.7221,139.6834,True
3,1.733337,-0.8319776,-0.01026763,-0.05321762,-1.29803,1.55311,-1.604559,0.5437881,1.38668,0.4467738,-0.9686119,0.8963168,-0.5484477,-0.0003457069,0.2443002,-0.3770077,0.7384717,1.226432,0.7551554,1.462211,0.3682768,-0.2225307,0.2789209,-0.00819484,-1.021212,0.07582579,0.09599551,0.8258569,1.462004,0.2054832,0.269463,1.531831,0.3112123,299.3275,109.8153,139.5668,True
3,1.744448,-0.8276486,-0.02735038,-0.06270684,-1.2971,1.552099,-1.595207,0.5423576,1.389313,0.4460497,-0.9584296,0.9166692,-0.5633014,-0.07717174,0.2654553,-0.3806845,0.7238213,1.247488,0.7544242,1.462741,0.3679774,-0.1965176,0.271432,0.04699542,-1.018379,0.0788815,0.09561041,0.8253341,1.462057,0.2055967,0.2671948,1.534406,0.3109416,299.1208,109.8467,139.6212,True
3,1.755559,-0.8319104,-0.03388864,-0.08183566,-1.296403,1.550407,-1.585325,0.5410194,1.391981,0.4452224,-0.9478356,0.9543049,-0.5286464,-0.1784863,0.2909896,-0.3846755,0.7080219,1.266535,0.7536769,1.463278,0.3676367,-0.198852,0.2032965,0.01284548,-1.019639,0.07885647,0.098056,0.8249416,1.462142,0.2056317,0.2648883,1.537016,0.3106982,298.9287,109.9674,139.668,True
3,1.76667,-0.8479194,-0.03298399,-0.09459449,-1.296028,1.548825,-1.574847,0.5396053,1.394502,0.4445372,-0.9381368,0.8721808,-0.493479,-0.2528979,0.2783387,-0.3890239,0.6972402,1.280787,0.7528924,1.46367,0.3673632,-0.2078596,0.1554368,-0.05318764,-1.022426,0.07943943,0.100541,0.8245748,1.4622,0.2056549,0.2626275,1.539664,0.3104193,298.7775,110.1976,139.6293,True
3,1.777781,-0.8947704,-0.03424308,-0.08704741,-1.295569,1.548027,-1.563167,0.5384275,1.396782,0.4439499,-0.9280834,0.905387,-0.4800266,-0.2585434,0.3303369,-0.3903667,0.6814406,1.300389,0.7519584,1.463917,0.3671389,-0.209185,0.1416331,-0.08727482,-1.02426,0.08122588,0.1020188,0.8241656,1.462205,0.2058086,0.2604712,1.542392,0.3100438,298.6574,110.5026,139.5083,True
3,1.788892,-0.8798381,-0.03411132,-0.07748646,-1.295182,1.547516,-1.553805,0.5370575,1.399162,0.4434102,-0.9177114,0.9341635,-0.4759086,-0.2148379,0.3273742,-0.3902197,0.671852,1.314504,0.751011,1.464304,0.3669314,-0.1976245,0.1448649,-0.1065359,-1.025851,0.08351593,0.1026201,0.82374,1.462238,0.206008,0.2584534,1.545252,0.3095663,298.5857,110.8059,139.3266,True
3,1.800003,-0.9097397,-0.01610745,-0.06903794,-1.295591,1.546897,-1.54255,0.5356526,1.401603,0.4429982,-0.9066072,1.000964,-0.4613085,-0.197618,0.3049342,-0.391164,0.6643568,1.326033,0.7500345,1.46463,0.3669004,-0.1752171,0.171483,-0.09810326,-1.025616,0.08656552,0.1021455,0.8235812,1.462544,0.2062652,0.2566571,1.548214,0.3090364,298.5723,110.9791,139.2016,True
3,1.811115,-0.952361,-0.00661467,-0.04984214,-1.295919,1.546991,-1.530624,0.5343816,1.403952,0.4425161,-0.8990619,0.6749415,-0.464861,-0.154883,0.2850164,-0.3908311,0.6580961,1.337157,0.7491248,1.464918,0.3668404,-0.1612348,0.1981056,-0.07794108,-1.02546,0.09024667,0.1015261,0.8230259,1.462661,0.206533,0.255189,1.551255,0.3084493,298.572,111.0412,139.1749,True
3,1.822226,-0.9864627,-0.001462922,-0.04019957,-1.295734,1.547149,-1.51857,0.5331731,1.406433,0.441859,-0.8876848,1.02801,-0.4650471,-0.1590416,0.2690142,-0.3921329,0.6505384,1.349213,0.748247,1.465209,0.3666885,-0.1546398,0.2204332,-0.04918463,-1.024517,0.09363341,0.1012912,0.8225286,1.462672,0.2068055,0.2539107,1.554389,0.3077964,298.7224,110.9358,139.2545,True
3,1.833337,-1.013131,0.003687233,-0.04657266,-1.295955,1.546405,-1.506415,0.5320116,1.408926,0.4413433,-0.8767414,0.9849197,-0.4817919,-0.193297,0.2871111,-0.3947859,0.6389817,1.365857,0.7475631,1.465534,0.3666677,-0.1459278,0.2140253,-0.02581983,-1.023722,0.09607447,0.1014145,0.8219086,1.462867,0.2070458,0.2526647,1.557669,0.3071156,298.8501,110.7692,139.3441,True
3,1.844448,-1.022733,0.004629299,-0.04971534,-1.295918,1.54609,-1.49472,0.5309312,1.411358,0.4408567,-0.8665671,0.9153097,-0.4773517,-0.1880588,0.3020039,-0.3958411,0.628152,1.380931,0.7467612,1.465825,0.3666098,-0.131017,0.1863548,-0.03020659,-1.023828,0.09742989,0.101574,0.8212136,1.462613,0.2073655,0.2514882,1.561089,0.3063932,298.9148,110.6073,139.4971,True
3,1.855559,-1.032274,-0.003957063,-0.05177522,-1.295611,1.545416,-1.482942,0.5299737,1.413979,0.4402921,-0.8566292,0.8940711,-0.463699,-0.2283677,0.2792006,-0.3992792,0.6203718,1.392715,0.7461479,1.46616,0.366559,-0.1171746,0.1821126,-0.03242201,-1.023765,0.09968118,0.1011165,0.8207093,1.462487,0.20771,0.2503996,1.564651,0.3055706,298.99,110.5328,139.6099,True
3,1.86667,-1.049269,-0.01579583,-0.05699464,-1.295087,1.544532,-1.470459,0.5289059,1.416611,0.4397857,-0.8467249,0.8909911,-0.463665,-0.2879754,0.2713527,-0.404074,0.6111072,1.406445,0.7455405,1.466395,0.366483,-0.1065922,0.1842643,-0.04102672,-1.024306,0.1022381,0.1005884,0.8203015,1.462502,0.2079887,0.2494349,1.568301,0.3047143,299.1382,110.4911,139.6205,True
3,1.877781,-1.076641,-0.08207379,-0.06609021,-1.292077,1.543405,-1.457383,0.5281146,1.419817,0.4396639,-0.8362907,0.9393085,-0.4476538,-0.3241293,0.2666542,-0.4082573,0.6019828,1.419216,0.744923,1.466594,0.3663797,-0.08035577,0.1737042,-0.09237267,-1.026776,0.1044797,0.0993929,0.8199862,1.462418,0.2082896,0.2486075,1.57194,0.3038885,299.326,110.3791,139.6701,True
3,1.888893,-1.083835,-0.1343804,-0.0732345,-1.288814,1.541836,-1.444792,0.5272552,1.42253,0.4390488,-0.8249589,1.020804,-0.4359421,-0.3496423,0.2620764,-0.412529,0.593407,1.431628,0.7443032,1.46692,0.3663836,-0.09020071,0.1620199,-0.1253281,-1.02902,0.106486,0.09973644,0.8196422,1.462404,0.2085676,0.2478056,1.575575,0.3031061,299.523,110.2943,139.7123,True
3,1.900004,-1.098334,-0.2165159,-0.07801726,-1.283805,1.540147,-1.431579,0.5265106,1.425386,0.4386122,-0.8135377,1.028194,-0.4391682,-0.3538971,0.2588922,-0.4161839,0.5852227,1.444147,0.7437423,1.467289,0.3664074,-0.1019679,0.1449768,-0.1337765,-1.03056,0.1079958,0.1004899,0.8192844,1.462413,0.2088571,0.2469325,1.579242,0.3023783,299.6877,110.3753,139.5925,True
3,1.911115,-1.095097,-0.2239483,-0.07584491,-1.281277,1.538976,-1.41918,0.5258281,1.428031,0.4381032,-0.8031183,0.9364972,-0.4324926,-0.3699966,0.2789448,-0.4204077,0.5745189,1.45863,0.7432297,1.467752,0.3664439,-0.1020001,0.1396587,-0.1380439,-1.032008,0.1098439,0.1007421,0.8188267,1.462468,0.2091501,0.2460414,1.582944,0.3016992,299.8351,110.7175,139.2888,True
3,1.922226,-1.081409,-0.1897786,-0.07077716,-1.280335,1.538087,-1.407391,0.5251668,1.430476,0.4374905,-0.7914776,1.048841,-0.3925025,-0.3510583,0.3275643,-0.4231012,0.5608031,1.474164,0.7426783,1.468079,0.3663065,-0.106239,0.1322058,-0.1369602,-1.033421,0.1115924,0.1010595,0.8184294,1.462584,0.2095494,0.2452082,1.586522,0.3010124,300.0687,111.0173,139.142,True
3,1.933337,-1.069881,-0.1513849,-0.06783032,-1.279971,1.537477,-1.395631,0.5245277,1.432996,0.4370081,-0.7808207,0.9577974,-0.3803858,-0.3289061,0.3637869,-0.4256461,0.5472211,1.490562,0.7421895,1.468269,0.3662331,-0.1104292,0.1439104,-0.1262616,-1.034304,0.1141029,0.1011927,0.8180029,1.462709,0.2099812,0.2444423,1.589907,0.3002428,300.283,111.347,138.9473,True
3,1.944448,-1.063617,-0.1225159,-0.05630535,-1.279732,1.537169,-1.383867,0.5238602,1.435699,0.4365816,-0.7700338,0.9705,-0.3956312,-0.3128083,0.3406463,-0.4283439,0.539459,1.502577,0.7416626,1.468529,0.366215,-0.104971,0.1588045,-0.1071102,-1.034626,0.116808,0.1008835,0.817575,1.462722,0.2103932,0.2437359,1.593107,0.2993967,300.4075,111.4859,138.8307,True
3,1.955559,-1.061333,-0.1480069,-0.04549523,-1.277222,1.536564,-1.371849,0.5232664,1.438483,0.4361069,-0.7585285,1.035935,-0.4140922,-0.3233131,0.3120499,-0.4322561,0.5330371,1.513898,0.7413718,1.468901,0.3661849,-0.07807803,0.1790281,-0.07001828,-1.033926,0.1199331,0.09942965,0.8170942,1.462732,0.2107048,0.2430287,1.596151,0.2985252,300.4658,111.4913,138.7586,True
3,1.966671,-1.063148,-0.2088424,-0.05041379,-1.272695,1.535163,-1.359493,0.5227917,1.441188,0.4356935,-0.7468516,1.051049,-0.4396028,-0.3797985,0.3066764,-0.4382242,0.5246829,1.527218,0.7411656,1.469311,0.3662419,-0.06204835,0.1683866,-0.06483068,-1.03428,0.1217765,0.09865068,0.816852,1.46277,0.211019,0.2422292,1.599146,0.2976811,300.4598,111.5519,138.5876,True
3,1.977782,-1.057541,-0.2664124,-0.06178029,-1.268166,1.532995,-1.347332,0.5223645,1.443826,0.4351573,-0.7350649,1.06097,-0.4425631,-0.4044039,0.3204035,-0.4432885,0.5146635,1.541165,0.7408258,1.469647,0.3661315,-0.07074473,0.1439015,-0.08822786,-1.036056,0.1227579,0.0994451,0.8166687,1.462794,0.2111878,0.2413054,1.602192,0.2968861,300.4218,111.7313,138.3518,True
3,1.988893,-1.04146,-0.2898376,-0.0733823,-1.264627,1.530843,-1.335726,0.5219743,1.44644,0.4346185,-0.7233332,1.055895,-0.4185959,-0.4173982,0.3605002,-0.4482441,0.5020832,1.556474,0.7405213,1.469989,0.3660457,-0.1052747,0.08002704,-0.1508861,-1.040007,0.1216975,0.1024108,0.8166624,1.462738,0.2114389,0.240368,1.60521,0.296103,300.4553,112.1193,138.0425,True
3,2.000004,-1.006311,-0.2875164,-0.07026014,-1.261732,1.529451,-1.325307,0.5217779,1.448821,0.4338923,-0.7121431,1.006423,-0.3927677,-0.3786146,0.3018342,-0.4510612,0.4989462,1.562498,0.7401812,1.470463,0.3660302,-0.1215238,0.07046245,-0.1859314,-1.043229,0.1226459,0.1037863,0.8165417,1.462664,0.211745,0.239529,1.60809,0.2952856,300.582,112.6701,137.6318,True
3,2.011115,-0.9702251,-0.2606804,-0.06730577,-1.260038,1.528322,-1.31539,0.521669,1.451154,0.4332485,-0.7011603,0.9879665,-0.3888599,-0.3539516,0.2785093,-0.4541478,0.4939061,1.57117,0.7398301,1.470736,0.3659649,-0.1248512,0.08113122,-0.200807,-1.045796,0.1245181,0.1043403,0.8164369,1.462621,0.2120757,0.2387762,1.61084,0.2944223,300.7285,113.2108,137.1781,True
3,2.022226,-0.9414887,-0.2476118,-0.04613699,-1.257766,1.527863,-1.305737,0.521392,1.453389,0.4326975,-0.6906146,0.94814,-0.4071826,-0.2996325,0.2705392,-0.4558155,0.4880672,1.581427,0.73954,1.471027,0.3658972,-0.1130327,0.1077623,-0.1848892,-1.046976,0.1272361,0.1037831,0.8162469,1.462567,0.2124579,0.2381005,1.613477,0.2935592,300.8192,113.6093,136.8036,True
3,2.033337,-0.9212413,-0.2420714,-0.02809477,-1.255132,1.527418,-1.295936,0.5212746,1.455573,0.4320545,-0.679619,0.9896543,-0.3927069,-0.2993694,0.2362687,-0.4592483,0.4848523,1.588206,0.7394475,1.471434,0.3660526,-0.1087124,0.1216069,-0.175321,-1.048362,0.1295724,0.103692,0.8160515,1.46254,0.2127838,0.2375458,1.61592,0.2927175,300.8549,113.8519,136.5849,True
3,2.044448,-0.9063087,-0.2419326,-0.01853657,-1.252533,1.526758,-1.286198,0.5210687,1.457648,0.4314861,-0.6682937,1.019473,-0.3831587,-0.3237988,0.2285296,-0.4637341,0.4799848,1.596477,0.7392434,1.47182,0.3660526,-0.1181669,0.1237131,-0.1582003,-1.049403,0.1314359,0.1044279,0.8160021,1.462569,0.213026,0.2370348,1.61819,0.2919095,300.8689,114.028,136.4098,True
3,2.055559,-0.8647971,-0.2321129,-0.01227607,-1.250227,1.526216,-1.277757,0.521076,1.4594,0.4308395,-0.656874,1.028032,-0.3693847,-0.3418208,0.2186315,-0.4683542,0.4756052,1.603888,0.7391407,1.472158,0.3658521,-0.13941,0.09706125,-0.152744,-1.051014,0.1318873,0.1066031,0.8158728,1.462571,0.2132087,0.2364765,1.620296,0.2911009,300.8839,114.2146,136.2484,True
3,2.06667,-0.8106562,-0.1890888,0.007584825,-1.249314,1.526597,-1.270579,0.5210977,1.460924,0.4301109,-0.6459374,0.9839846,-0.3749615,-0.3342575,0.2006398,-0.4718978,0.4722845,1.611212,0.7390467,1.472634,0.3656824,-0.1489501,0.05869912,-0.1516457,-1.05267,0.1314084,0.1087694,0.815908,1.462513,0.2133286,0.2358671,1.622236,0.2902402,300.8711,114.5163,136.0027,True
3,2.077781,-0.7427759,-0.1301181,0.01241775,-1.249644,1.527125,-1.264655,0.5209485,1.462306,0.4293873,-0.6363986,0.8568184,-0.3801728,-0.3300662,0.2103364,-0.4754797,0.4666663,1.620642,0.7388941,1.473109,0.3656769,-0.1511407,0.05656831,-0.1580238,-1.054566,0.1323445,0.1101422,0.8159578,1.462474,0.2136006,0.2352432,1.624006,0.2893303,300.8465,114.878,135.6761,True
3,2.088892,-0.7282735,-0.05227032,0.01296367,-1.251441,1.527841,-1.257081,0.5208207,1.463679,0.4286733,-0.6269289,0.8517559,-0.3786081,-0.2952227,0.2574219,-0.4780321,0.4571469,1.633479,0.7387463,1.473403,0.3655117,-0.1662042,0.05018666,-0.1770882,-1.05712,0.133172,0.1121154,0.8160145,1.462407,0.2137628,0.2347362,1.625479,0.2884195,300.8106,115.1393,135.4256,True
3,2.100003,-0.6838055,0.00992173,0.04018089,-1.253211,1.529942,-1.251654,0.5205663,1.464914,0.4281933,-0.6178443,0.8165959,-0.3481902,-0.2108461,0.23522,-0.4777572,0.4528215,1.640201,0.7384287,1.473678,0.3653877,-0.168386,0.05019221,-0.1834627,-1.059296,0.1340978,0.1135985,0.8160557,1.462355,0.2139716,0.2342773,1.62666,0.287516,300.7328,115.2,135.3283,True
3,2.111114,-0.6337832,0.03277922,0.07509181,-1.253499,1.532278,-1.247044,0.5202573,1.466038,0.4276807,-0.6061727,1.05365,-0.329665,-0.1679028,0.1915868,-0.4782414,0.4514137,1.6445,0.7381001,1.473935,0.3652868,-0.1800991,0.05870624,-0.1812245,-1.061053,0.1355209,0.1153045,0.8160659,1.462252,0.2141883,0.233677,1.627627,0.2866516,300.6154,115.1495,135.2732,True
3,2.122225,-0.5921944,0.0363901,0.1058826,-1.253271,1.534636,-1.242521,0.5199144,1.467033,0.4271719,-0.5980037,0.7316828,-0.3209997,-0.1237871,0.1278323,-0.4782233,0.4535932,1.645988,0.7378399,1.474236,0.3651733,-0.1938228,0.08743186,-0.1619036,-1.062005,0.1378601,0.1167876,0.8160938,1.462229,0.2143974,0.2328776,1.628557,0.285867,300.3259,115.194,135.1015,True
3,2.133336,-0.5516428,0.02816036,0.1186358,-1.25269,1.536226,-1.238145,0.5196794,1.467968,0.4265916,-0.5896159,0.7549847,-0.3201658,-0.09707053,0.1152109,-0.4787575,0.4514187,1.651643,0.7376654,1.474456,0.3649914,-0.1861403,0.1151081,-0.1299705,-1.0621,0.1405394,0.1172853,0.8159646,1.462087,0.2145464,0.2320112,1.629402,0.2851938,300.054,115.1843,135.0365,True
3,2.144447,-0.5143074,0.02202034,0.1271249,-1.252173,1.53792,-1.234257,0.5194547,1.46884,0.4259543,-0.5807822,0.7955126,-0.3221984,-0.1099039,0.1215432,-0.4805701,0.4482047,1.658261,0.7375503,1.474589,0.3648696,-0.1752921,0.1246756,-0.104478,-1.062184,0.1425108,0.1178787,0.8159724,1.462053,0.2147059,0.2311262,1.630032,0.2845626,299.8653,115.15,135.1035,True
3,2.155558,-0.4589652,0.03079385,0.121641,-1.252357,1.53926,-1.231377,0.5193254,1.469573,0.4252651,-0.5725626,0.7392484,-0.3124851,-0.1301696,0.1276743,-0.4829552,0.4452572,1.663968,0.7375808,1.474852,0.3647358,-0.1728671,0.1171769,-0.06829632,-1.061758,0.1435402,0.1192372,0.8160741,1.462047,0.2148211,0.2302242,1.630384,0.2838802,299.6891,115.1933,135.1269,True
3,2.166669,-0.3983716,0.04911087,0.1032978,-1.253267,1.540172,-1.229288,0.5191425,1.470115,0.4245284,-0.5648788,0.6911818,-0.2967969,-0.1778664,0.09626415,-0.4865696,0.4457917,1.666351,0.7373849,1.474925,0.3645403,-0.1803004,0.119296,-0.06503811,-1.062171,0.1452069,0.1206758,0.8162441,1.462007,0.2149556,0.2293131,1.630476,0.2830999,299.4811,115.399,134.9546,True
3,2.17778,-0.3068723,0.06760415,0.08916415,-1.254661,1.542636,-1.225618,0.5186609,1.471346,0.4234164,-0.5583013,0.590698,-0.2638877,-0.1441899,0.009775057,-0.4886442,0.4505642,1.667394,0.7370394,1.475268,0.3641753,-0.1849073,0.148169,-0.1033313,-1.065316,0.1513036,0.1221046,0.8168235,1.461959,0.2153175,0.2284073,1.630375,0.282211,299.2229,115.6843,134.6424,True
3,2.188891,-0.2864735,0.04004896,0.09462491,-1.253825,1.543695,-1.223451,0.5184072,1.472013,0.4229617,-0.5500109,0.7485926,-0.2333136,-0.07478863,-0.004005402,-0.4873052,0.4513115,1.6682,0.7367491,1.475407,0.3638988,-0.1957675,0.1684278,-0.1266566,-1.06718,0.1545636,0.123107,0.8170529,1.461886,0.2153876,0.227433,1.630242,0.2812145,298.8792,115.9088,134.3616,True
3,2.200002,-0.2467548,-0.01727203,0.09384222,-1.251524,1.543971,-1.221966,0.5183255,1.472494,0.4226303,-0.5453632,0.4144317,-0.2288804,-0.03019486,0.01860383,-0.4864722,0.4489692,1.672846,0.7366844,1.475709,0.3636513,-0.1946767,0.158846,-0.1234872,-1.068259,0.1564506,0.1244562,0.8172126,1.461703,0.2152612,0.2263097,1.630366,0.2800436,298.4534,116.1247,134.0857,True
3,2.211113,-0.2125194,-0.04479323,0.09288425,-1.249794,1.544448,-1.220932,0.5182121,1.47298,0.4221554,-0.5391852,0.5577322,-0.2206547,0.002401523,0.08584641,-0.4856791,0.4414062,1.681787,0.7366028,1.47583,0.3632205,-0.1912756,0.1407102,-0.1000995,-1.068489,0.1576342,0.1259135,0.8174064,1.461694,0.2152748,0.2254032,1.630386,0.2789191,298.3444,116.3894,133.6635,True
3,2.222224,-0.2125194,-0.04479323,0.09288425,-1.249794,1.544448,-1.220932,0.5182121,1.47298,0.4221554,-0.5342807,0.4400163,-0.2206547,0.002401523,0.08584641,-0.4856791,0.4414062,1.681787,0.7366028,1.47583,0.3632205,-0.1912756,0.1407102,-0.1000995,-1.068489,0.1576342,0.1259135,0.8174064,1.461694,0.2152748,0.2247129,1.630213,0.2779468,298.356,116.6547,133.2249,True
3,2.233335,-0.1570827,-0.05845633,0.07581361,-1.248709,1.544243,-1.221024,0.518247,1.473136,0.4214711,-0.5305102,0.337738,-0.224966,-0.0156808,0.07938775,-0.4867246,0.4401529,1.685693,0.7367291,1.476133,0.3629649,-0.1876883,0.1140268,-0.05327572,-1.067357,0.1580417,0.1278139,0.8175454,1.461666,0.2152779,0.2242537,1.629714,0.2772416,298.4353,116.9177,132.7898,True
3,2.244446,-0.08299227,0.02274452,0.0506521,-1.251482,1.544989,-1.222728,0.5181791,1.472984,0.4208388,-0.5244606,0.54725,-0.2169203,-0.08138283,0.02984974,-0.489668,0.4436986,1.684847,0.7366393,1.476343,0.3626382,-0.1801564,0.1076313,-0.04482186,-1.06745,0.1592062,0.1289854,0.8177291,1.461643,0.2152965,0.2238377,1.6289,0.2769318,298.4413,117.0034,132.5411,True
3,2.255557,-0.05454732,0.08358949,0.04379797,-1.254406,1.545878,-1.223476,0.5178477,1.473238,0.4199519,-0.5211412,0.2961037,-0.2095679,-0.1004639,0.01791942,-0.4913569,0.4442954,1.686407,0.7365544,1.476483,0.3625815,-0.1823913,0.1172599,-0.0575782,-1.068382,0.1616181,0.1298635,0.8179169,1.461618,0.2152815,0.2231446,1.628045,0.2768287,298.2375,117.2772,132.3724,True
3,2.266668,-0.03677293,0.1486637,0.04335269,-1.257727,1.547652,-1.224183,0.5176169,1.473098,0.4196622,-0.5185366,0.2334347,-0.1831238,-0.01412192,0.0192205,-0.4887636,0.4429512,1.688897,0.7362303,1.476596,0.3623056,-0.1953376,0.1311411,-0.07663689,-1.069649,0.1643491,0.1311793,0.8180767,1.461596,0.2153046,0.2222703,1.627123,0.2768282,297.9517,117.583,132.2876,True
3,2.277779,-0.03464212,0.1573345,0.06031974,-1.259717,1.549254,-1.224435,0.5172132,1.473301,0.4196255,-0.5140226,0.4085553,-0.1640787,0.05090216,0.02049055,-0.486078,0.4413103,1.691575,0.7360812,1.476635,0.3621843,-0.1953845,0.149254,-0.07981215,-1.070367,0.1670755,0.1321261,0.8182613,1.461545,0.2153599,0.2211857,1.626205,0.2769029,297.5442,117.5754,132.4239,True
3,2.28889,-0.02918797,0.1339465,0.06364869,-1.259987,1.550231,-1.224555,0.516964,1.473308,0.4194341,-0.510397,0.3261141,-0.1415558,0.09343559,0.04072191,-0.4838133,0.4385423,1.695002,0.7358962,1.476842,0.3620129,-0.1760854,0.1620522,-0.06290684,-1.070226,0.1698308,0.1321546,0.8184092,1.461573,0.2153468,0.2198582,1.625434,0.2769762,297.057,117.5991,132.4906,True
3,2.300001,-0.003348524,0.07864832,0.0532576,-1.25964,1.550276,-1.225333,0.5166722,1.473461,0.419354,-0.5072347,0.2849593,-0.119001,0.04338962,0.04652097,-0.4849089,0.4367105,1.697368,0.7357451,1.477095,0.3618789,-0.1631147,0.1524485,-0.04065054,-1.069777,0.1713812,0.1327732,0.8185529,1.4616,0.2153192,0.2186135,1.624695,0.2771018,296.6173,117.6966,132.4008,True
3,2.311112,0.01589834,0.06483852,0.04264641,-1.260083,1.549713,-1.22632,0.5165023,1.473402,0.4190414,-0.5049476,0.2054946,-0.1050593,-0.002383638,0.04603363,-0.4866186,0.436484,1.69842,0.7356312,1.47719,0.3617349,-0.1630535,0.1332832,-0.03535222,-1.069964,0.1726111,0.134063,0.8186899,1.461627,0.2152903,0.2175136,1.624079,0.2772453,296.2782,117.9194,132.2048,True
3,2.322223,0.03717091,0.06591507,0.02661828,-1.260967,1.549781,-1.227451,0.5164611,1.473076,0.4188099,-0.5039303,0.09027775,-0.06721321,-0.04033858,-0.0004814821,-0.4879017,0.4392991,1.695678,0.7354003,1.477164,0.3617742,-0.1651981,0.1119807,-0.03962352,-1.070458,0.1732493,0.1356819,0.8187517,1.461647,0.2153049,0.2166888,1.623538,0.2773539,296.0936,118.2068,132.0164,True
3,2.333334,0.04774997,0.07442312,0.012699,-1.262349,1.549966,-1.228314,0.516282,1.472937,0.4189107,-0.5027249,0.1085453,-0.04511277,-0.03694637,-0.02094596,-0.4878879,0.4401348,1.694854,0.7350417,1.477353,0.3613386,-0.1641855,0.1120038,-0.04602544,-1.071032,0.1750293,0.136646,0.81876,1.46163,0.2153373,0.2160777,1.62309,0.2774166,296.0447,118.4098,131.8803,True
3,2.344445,0.0286786,0.05301803,0.01074156,-1.263026,1.550454,-1.228567,0.5158729,1.472728,0.4191458,-0.5012591,0.1323068,-0.03982761,0.1014256,0.00121532,-0.481581,0.4365956,1.698825,0.7344271,1.477623,0.3608718,-0.1341885,0.1524936,-0.01957902,-1.070199,0.1803126,0.1363515,0.8187703,1.46158,0.2152932,0.215671,1.622651,0.2774828,296.0361,118.3797,131.9382,True
3,2.355556,0.0286786,0.05301803,0.01074156,-1.263026,1.550454,-1.228567,0.5158729,1.472728,0.4191458,-0.4999275,0.1199111,-0.03982761,0.1014256,0.00121532,-0.481581,0.4365956,1.698825,0.7344271,1.477623,0.3608718,-0.1341885,0.1524936,-0.01957902,-1.070199,0.1803126,0.1363515,0.8187703,1.46158,0.2152932,0.2154146,1.62215,0.2775894,296.0305,118.165,132.1115,True
3,2.366668,0.012989,-0.002443677,0.01219316,-1.2614,1.550401,-1.228446,0.5155417,1.472567,0.4192157,-0.497928,0.1813375,-0.05312539,0.06493618,0.03844679,-0.4812891,0.4312446,1.705239,0.7344012,1.477646,0.3606999,-0.09002653,0.09600829,0.03433397,-1.067636,0.1808047,0.1368641,0.8186771,1.461659,0.2151494,0.2150978,1.621671,0.2777711,295.9816,117.9515,132.2325,True
3,2.377779,0.01613108,0.004985727,0.004687297,-1.26185,1.550398,-1.228738,0.5153962,1.472404,0.419106,-0.4968883,0.09315035,-0.05761587,0.02566991,0.01373907,-0.4822825,0.4334099,1.704139,0.7342848,1.477675,0.3605766,-0.08154447,0.06620467,0.02570843,-1.067718,0.1806071,0.1375957,0.8185859,1.461719,0.2150853,0.2147241,1.621251,0.2779932,295.9123,118.0887,132.1067,True
3,2.38889,0.02123065,0.04543997,-0.003024723,-1.263569,1.550883,-1.229278,0.5153171,1.472174,0.4189858,-0.4964904,0.0354107,-0.0471816,0.005594119,-0.006753927,-0.482699,0.4349423,1.703004,0.7341572,1.477744,0.360431,-0.08163242,0.04811437,0.01290276,-1.068077,0.1806033,0.1385542,0.8185606,1.461826,0.2149923,0.2142755,1.620918,0.2781973,295.8807,118.2987,131.9646,True
3,2.400001,0.01786608,0.07845464,-0.002160225,-1.265497,1.551631,-1.22959,0.5151024,1.471998,0.4189007,-0.4963802,0.009589177,-0.02817741,0.02275668,-0.0175491,-0.4815608,0.4361151,1.701521,0.7338842,1.477765,0.360338,-0.0720776,0.03321539,0.007482573,-1.068175,0.1805664,0.1390838,0.8184632,1.461951,0.2148674,0.2138911,1.620621,0.2783526,295.8076,118.4417,131.9194,True
3,2.411112,0.01131572,0.1136557,0.01255526,-1.267402,1.553327,-1.229982,0.5149608,1.471814,0.4188166,-0.49614,0.02172367,-0.01770882,0.08033356,-0.02155004,-0.4784816,0.4354023,1.702025,0.7337717,1.477965,0.3601508,-0.06558426,0.03320467,0.02021485,-1.067463,0.1808724,0.1394389,0.8183595,1.462031,0.2148106,0.2135954,1.620371,0.2784472,295.7036,118.4177,131.9965,True
3,2.422223,0.006001465,0.1136677,0.01895788,-1.268345,1.554197,-1.230114,0.5147943,1.471756,0.4188428,-0.4955269,0.05566983,-0.009085603,0.06220771,-0.016457,-0.4785029,0.4356005,1.701791,0.7336804,1.478053,0.3600328,-0.04729945,0.03851729,0.04350932,-1.066099,0.1813992,0.1391446,0.8182787,1.462128,0.2147291,0.2133949,1.620176,0.2784939,295.5836,118.2257,132.1761,True
3,2.433334,-0.0002701916,0.09238116,0.02763233,-1.268299,1.554939,-1.230048,0.5147432,1.471682,0.4189718,-0.495046,0.04335702,-0.001440603,0.01744137,-0.00936552,-0.4799032,0.4349135,1.70219,0.7337062,1.47809,0.3600783,-0.03440595,0.03211852,0.05618922,-1.064959,0.18134,0.1390868,0.8181863,1.462208,0.2146513,0.213236,1.620078,0.278483,295.4701,117.9651,132.4029,True
3,2.444445,-0.002197796,0.05509996,0.03213682,-1.267344,1.555245,-1.230044,0.5147177,1.471629,0.4189157,-0.4948297,0.01935575,0.01202198,0.0160688,0.04373061,-0.4799837,0.4297186,1.706267,0.7336867,1.477976,0.3598638,-0.03232699,0.02254484,0.04870449,-1.064681,0.1812635,0.1394492,0.8181291,1.462318,0.2145028,0.2135108,1.619978,0.2785725,295.4748,117.4919,132.7976,True
3,2.455556,-0.01053432,0.01884105,0.03344635,-1.266315,1.555303,-1.229581,0.5147754,1.471692,0.4189281,-0.4945314,0.02708509,0.02411371,0.0627238,0.08116196,-0.478007,0.4244562,1.710264,0.7336751,1.477945,0.3597376,-0.008898741,-0.01045212,0.04315009,-1.064543,0.1798531,0.1393901,0.8180091,1.46231,0.2144096,0.2133797,1.619969,0.2784078,295.462,117.7122,132.6509,True
3,2.466667,-0.0115069,-0.000364542,0.03037632,-1.26557,1.555366,-1.229423,0.5147878,1.471603,0.4188564,-0.4945772,-0.004503134,0.03018877,0.07780503,0.05882567,-0.476505,0.4238441,1.710267,0.7335409,1.478069,0.3596103,-0.0003403705,-0.02003605,0.04733148,-1.06393,0.1791639,0.1395257,0.8179138,1.462322,0.2142675,0.2133094,1.620011,0.2781338,295.4461,117.6425,132.6656,True
3,2.477778,-0.01461878,-0.02177634,0.01666799,-1.264703,1.55473,-1.22896,0.5147647,1.471565,0.4187782,-0.4940941,0.04411693,0.03487695,0.04940702,0.004236563,-0.4767202,0.4285633,1.705656,0.7333252,1.477997,0.3595469,-0.0003101733,-0.01577989,0.05159943,-1.063158,0.1790575,0.1396098,0.8177257,1.462379,0.2142112,0.2133478,1.619997,0.2777979,295.521,117.6908,132.568,True
3,2.488889,-0.01461878,-0.02177634,0.01666799,-1.264703,1.55473,-1.22896,0.5147647,1.471565,0.4187782,-0.494238,-0.01362095,0.03487695,0.04940702,0.004236563,-0.4767202,0.4285633,1.705656,0.7333252,1.477997,0.3595469,-0.0003101733,-0.01577989,0.05159943,-1.063158,0.1790575,0.1396098,0.8177257,1.462379,0.2142112,0.2134783,1.619944,0.2774362,295.5945,117.8047,132.3913,True
3,2.5,-0.01255322,-0.0144159,0.002788061,-1.264591,1.55458,-1.228836,0.5147303,1.471526,0.4187698,-0.4943179,-0.007244339,0.01946689,0.002809627,-0.0427317,-0.4779538,0.4333111,1.701728,0.7331173,1.478099,0.3595831,0.008158945,0.007674366,0.04730079,-1.062673,0.1800988,0.1387177,0.8176213,1.462434,0.2141874,0.2135277,1.619635,0.2771711,295.6237,118.3241,131.8778,True
3,2.511111,-0.0136965,-0.000588784,0.0005691528,-1.26505,1.554646,-1.22865,0.5146546,1.471449,0.4187357,-0.49392,0.03632735,0.01861754,0.006947102,-0.02459225,-0.4777913,0.4326057,1.702265,0.7329386,1.478067,0.3594894,0.02311036,0.01619766,0.05252336,-1.061786,0.1804214,0.1377272,0.8174893,1.462511,0.2140989,0.2135348,1.619462,0.2769281,295.5959,118.1417,131.9197,True
3,2.522222,-0.01374272,0.01117369,0.01008951,-1.265168,1.555361,-1.228673,0.5145578,1.471392,0.4186511,-0.4939344,-0.00171529,0.02852829,0.03022432,0.004213077,-0.4767165,0.4294033,1.704333,0.7328739,1.477994,0.3595455,0.03274017,0.00874391,0.05776582,-1.060931,0.1800899,0.1372601,0.8173685,1.462584,0.2139828,0.2136199,1.619285,0.2768495,295.7313,118.3338,131.6801,True
3,2.533333,-0.008290009,-0.007895708,0.02405083,-1.26397,1.555854,-1.228905,0.5144345,1.471464,0.4186552,-0.4936851,0.0227285,0.03299491,0.04290815,0.02236181,-0.4758147,0.4268559,1.706033,0.7328578,1.478034,0.3594656,0.02223448,-0.0008755587,0.07595631,-1.059378,0.1794533,0.1378567,0.8172555,1.462642,0.2138441,0.2137227,1.619166,0.276918,295.8179,118.4811,131.5677,True
3,2.544444,0.0004366313,-0.04727284,0.02321457,-1.26211,1.555347,-1.229022,0.5143874,1.471656,0.4186614,-0.493545,0.01248301,0.03073098,0.02913642,0.009517969,-0.4759175,0.4276167,1.705092,0.7327247,1.477978,0.3593209,0.02118976,-0.01153539,0.07702037,-1.058522,0.1786716,0.1380093,0.8171898,1.462753,0.2137685,0.2136466,1.619262,0.2770539,295.6649,118.0609,132.0216,True
3,2.555555,0.006125176,-0.1208744,0.006643336,-1.257321,1.553544,-1.228738,0.5143135,1.472136,0.4186304,-0.4936979,-0.01412435,0.00184628,-0.02832969,-0.008588873,-0.4778691,0.429937,1.70408,0.7326944,1.478328,0.3592649,0.01453744,0.01725774,0.04834808,-1.058068,0.1799949,0.1372263,0.8169838,1.462863,0.2136211,0.2134629,1.619434,0.2772487,295.5593,117.735,132.4692,True
3,2.566666,0.01581435,-0.1454232,-0.007065862,-1.255006,1.552121,-1.228786,0.5142921,1.472363,0.4184017,-0.493912,-0.01953465,-0.005548518,-0.03688117,-0.005336229,-0.4784768,0.4295208,1.704719,0.7325959,1.478434,0.3590837,-0.00699959,0.01088749,0.01868307,-1.058821,0.180032,0.1379917,0.8168807,1.462914,0.2135415,0.2132513,1.619562,0.2773569,295.643,117.8715,132.5024,True
3,2.577777,0.029685,-0.1528671,-0.01663386,-1.253416,1.550939,-1.229234,0.5142255,1.472643,0.418298,-0.4935897,0.02962922,-0.009601396,-0.0199718,0.01399185,-0.4781945,0.427913,1.706383,0.7324994,1.478595,0.3588541,-0.01339647,0.00235567,0.01659355,-1.058712,0.1795748,0.1385051,0.8167976,1.462995,0.2134516,0.2130171,1.619609,0.2773486,295.7975,118.2485,132.2622,True
3,2.588888,0.03178673,-0.149702,-0.02197892,-1.251959,1.55005,-1.229341,0.5141422,1.472866,0.418175,-0.4938401,-0.02318604,-0.01554897,0.02768412,0.05700421,-0.4765828,0.4222659,1.711807,0.7323246,1.478807,0.3584287,-0.01441092,0.004473606,0.02299058,-1.058248,0.1796214,0.138597,0.8166452,1.463001,0.2133403,0.2128152,1.619585,0.2772703,295.858,118.4599,132.0709,True
3,2.599999,0.02964587,-0.1465043,-0.01986444,-1.25059,1.549402,-1.229408,0.5140165,1.473104,0.4180882,-0.4941751,-0.03036238,-0.01124765,0.0351263,0.06125487,-0.476056,0.4205299,1.713279,0.732138,1.478892,0.3582234,-0.01651041,0.007661983,0.02727278,-1.05777,0.1797622,0.138797,0.8164907,1.46307,0.2132277,0.2126303,1.619547,0.2771684,295.8788,118.5766,131.9434,True
3,2.61111,0.03181566,-0.1518025,-0.01556409,-1.248632,1.548835,-1.22964,0.5138799,1.473338,0.4180596,-0.4937799,0.0363607,-0.01534679,0.03185273,0.07302001,-0.4759665,0.4173754,1.716338,0.731936,1.478973,0.3581946,-0.02283159,0.01084138,0.03691629,-1.056942,0.1799358,0.1392452,0.8162854,1.463163,0.2131231,0.2124322,1.619527,0.2770906,295.9034,118.6623,131.8327,True
3,2.622221,0.02865713,-0.1592899,-0.01764225,-1.246797,1.547831,-1.22956,0.5137098,1.473592,0.4180152,-0.4936782,0.009055891,-0.02171545,0.03075266,0.07521462,-0.4759229,0.4157916,1.718328,0.7318125,1.479092,0.3580043,-0.03023823,0.01827913,0.04444169,-1.056155,0.18027,0.1397254,0.8160596,1.463256,0.2130201,0.2122169,1.619538,0.2770486,295.9074,118.7248,131.7773,True
3,2.633332,0.02763542,-0.1656803,-0.01439714,-1.244669,1.547123,-1.229591,0.5135144,1.473769,0.4177921,-0.4939221,-0.02226087,-0.01645208,0.0329139,0.07090395,-0.475705,0.4142037,1.719766,0.7315664,1.479149,0.3578346,-0.03342881,0.01827075,0.04446845,-1.055623,0.1803268,0.1401222,0.8158008,1.463261,0.2129266,0.2119775,1.619582,0.2769972,295.9326,118.8837,131.6686,True
3,2.644443,0.02435703,-0.1518722,-0.01767199,-1.243559,1.546417,-1.229483,0.5133626,1.473865,0.4175367,-0.4939179,0.0007270321,-0.02421638,0.03731516,0.04760477,-0.4750126,0.4141972,1.720281,0.7313628,1.479138,0.3577874,-0.03342465,0.01188265,0.04446045,-1.055146,0.1802249,0.140559,0.8155876,1.463288,0.2128191,0.2117395,1.619614,0.2769087,296.0237,119.12,131.4681,True
3,2.655554,0.02533407,-0.135909,-0.02097623,-1.242734,1.545633,-1.229601,0.5131472,1.473947,0.4173553,-0.4940915,-0.01576486,-0.02870624,0.01507044,0.02620238,-0.4754872,0.4156321,1.719518,0.7310724,1.479225,0.357604,-0.02803661,0.02145946,0.0529546,-1.054194,0.180659,0.1404343,0.8153202,1.463371,0.2127004,0.2114857,1.619646,0.2767933,296.1066,119.3227,131.3012,True
3,2.666665,0.0315211,-0.09643231,-0.01697469,-1.243088,1.545759,-1.230215,0.5129291,1.473893,0.4171219,-0.4941543,-0.005462492,-0.03191699,0.0001775352,0.02189339,-0.4760145,0.4153869,1.720078,0.7308738,1.479261,0.3573925,-0.03013762,0.0182554,0.05722966,-1.053374,0.1806152,0.1409739,0.8151115,1.463414,0.2125998,0.2112329,1.619654,0.276635,296.163,119.4457,131.2387,True
3,2.677776,0.03547471,-0.03673144,-0.01310338,-1.244555,1.546225,-1.230951,0.5126621,1.473839,0.4168823,-0.4946124,-0.04166355,-0.03091564,0.01403893,0.01983133,-0.4753987,0.4149795,1.720835,0.7306684,1.479396,0.3571699,-0.03015183,0.01931237,0.0551056,-1.052779,0.1806138,0.141266,0.8150054,1.463523,0.2124672,0.2109947,1.619646,0.2764324,296.1829,119.5207,131.1923,True
3,2.688887,0.03305954,0.01978487,-0.002803891,-1.2464,1.54727,-1.231571,0.512337,1.473783,0.4167151,-0.4950726,-0.04152467,-0.03638103,0.03006076,0.01149077,-0.4744693,0.4146439,1.721652,0.7303693,1.479503,0.3569772,-0.02914026,0.01506208,0.04870216,-1.052423,0.1806206,0.1416495,0.8148261,1.463576,0.2123413,0.2107617,1.619631,0.2762134,296.2059,119.5672,131.1291,True
3,2.699998,0.0318241,0.05607616,0.009750009,-1.247737,1.548306,-1.232236,0.5119929,1.473716,0.416575,-0.4953341,-0.02341078,-0.03855745,0.04390795,0.01053272,-0.4735825,0.41438,1.722428,0.7301456,1.479569,0.3567784,-0.02595953,0.009738626,0.04547788,-1.052013,0.1804122,0.1418493,0.8147177,1.463661,0.2122416,0.2105331,1.61958,0.2759903,296.1883,119.5048,131.1554,True
3,2.711109,0.02647835,0.06249988,0.01930831,-1.248389,1.549138,-1.232582,0.5116441,1.473737,0.416424,-0.4952734,0.0059223,-0.03967193,0.04287428,0.006284397,-0.4730141,0.4142117,1.722995,0.7299217,1.479619,0.3567419,-0.02171249,0.01932783,0.04438823,-1.051505,0.1809153,0.1416586,0.814538,1.46373,0.2121449,0.2102662,1.619525,0.2757804,296.1098,119.343,131.2603,True
3,2.72222,0.02545967,0.05290899,0.01937286,-1.248519,1.54944,-1.232866,0.5114229,1.473789,0.4164393,-0.495553,-0.02547372,-0.0353334,0.03326714,0.009362303,-0.4731569,0.4138447,1.72333,0.7296884,1.479674,0.3566151,-0.0260127,0.02998332,0.0412404,-1.051072,0.181708,0.1417574,0.8143373,1.463835,0.2120521,0.2099627,1.619495,0.2755859,295.9901,119.1253,131.4284,True
3,2.733331,0.02340977,0.03907775,0.02372823,-1.248365,1.549871,-1.233148,0.5112032,1.473746,0.4162831,-0.4955908,-0.002994511,-0.0332661,0.04819688,0.007283678,-0.4721023,0.4139823,1.723554,0.7295225,1.479666,0.356468,-0.01745341,0.02891466,0.04542853,-1.050449,0.1818159,0.1415622,0.8141882,1.463899,0.2119422,0.2096563,1.619492,0.2753739,295.9219,118.9687,131.5552,True
3,2.744442,0.02561875,0.02308331,0.01956429,-1.24808,1.549864,-1.233492,0.5110985,1.473663,0.4160922,-0.4959642,-0.03394707,-0.02929957,0.0355815,-0.01840616,-0.4719835,0.4159226,1.7219,0.7294027,1.47966,0.3565931,0.001803011,0.02359849,0.0548553,-1.049533,0.1818183,0.140906,0.8140111,1.463969,0.2118921,0.2093503,1.619532,0.2751457,295.8774,118.9157,131.5877,True
