loc,t,aDotUA,bDotUA,gDotUA,aUA,bUA,gUA,xUA,yUA,zUA,qE,qDotE,aDotSH,bDotSH,gDotSH,aSH,bSH,gSH,xSH,ySH,zSH,aDotUB,bDotUB,gDotUB,aUB,bUB,gUB,xUB,yUB,zUB,xHand,yHand,zHand,aHand,bHand,gHand,enable
0,0,0.06009728,-0.6906641,-0.03121531,-1.454782,-4.140341,3.069577,0.6348326,1.19304,0.5238843,-1.660734,-0.06952091,-0.144421,0.3310412,0.02805495,-0.8622953,-4.200127,-0.02456553,0.6432477,1.43952,0.4521852,-0.1571066,0.1125884,0.09687446,-0.6984353,0.3153657,-0.03186312,0.7572675,1.547275,0.2519343,0.4304459,1.085744,0.3017388,293.666,235.4347,350.1656,True
0,0.01111111,0.0567926,-0.662984,-0.03136841,-1.454928,-4.133739,3.068344,0.6340445,1.193276,0.5234599,-1.661727,-0.08948904,-0.136783,0.337334,0.04292296,-0.8614692,-4.194915,-0.02679806,0.6427976,1.439682,0.4516106,-0.1560317,0.1062037,0.09900961,-0.6972699,0.3169885,-0.03127563,0.7573893,1.547359,0.2515976,0.4309848,1.085907,0.3002987,293.7117,235.3423,349.8268,True
0,0.02222222,0.05128597,-0.6161675,-0.03801658,-1.454669,-4.128509,3.067356,0.6333936,1.193442,0.5229864,-1.66275,-0.092181,-0.1366759,0.3404733,0.05252093,-0.8607853,-4.189723,-0.02859569,0.6423142,1.439836,0.4510381,-0.1581518,0.09981459,0.1001084,-0.6961631,0.3184543,-0.03056989,0.7574195,1.547412,0.2511981,0.4318374,1.085988,0.2982696,293.7478,234.9777,349.6476,True
0,0.03333334,0.04144002,-0.5437652,-0.03839988,-1.454648,-4.124639,3.066703,0.6327956,1.193588,0.5226192,-1.663719,-0.08717628,-0.1302617,0.3329925,0.05453655,-0.8602511,-4.185179,-0.030441,0.6418965,1.43995,0.4504697,-0.1484757,0.09131391,0.109631,-0.6945902,0.3197679,-0.03021782,0.7575998,1.547532,0.2507627,0.4329726,1.086035,0.2958968,293.8014,234.4214,349.5148,True
0,0.04444445,0.03919569,-0.5160943,-0.04069355,-1.454391,-4.119471,3.065798,0.6321307,1.193741,0.5220156,-1.664535,-0.07337935,-0.1249877,0.3234137,0.05122114,-0.8599571,-4.180887,-0.03201013,0.6414452,1.440103,0.4499388,-0.1452812,0.0902482,0.1096044,-0.6933923,0.3213445,-0.02991289,0.75765,1.54763,0.2503955,0.434296,1.086084,0.2933907,293.8609,233.7961,349.3672,True
0,0.05555556,0.03155611,-0.4671367,-0.04415373,-1.45405,-4.115846,3.065293,0.6316224,1.19396,0.5215955,-1.665199,-0.05947487,-0.1197813,0.3074918,0.04147856,-0.859988,-4.176898,-0.03353745,0.6410713,1.440317,0.4493611,-0.1399169,0.08067229,0.114902,-0.6919031,0.3223208,-0.02910302,0.7576731,1.547732,0.2500365,0.4356186,1.086148,0.2909706,293.9014,233.1332,349.2216,True
0,0.06666667,0.02720261,-0.4394644,-0.04430014,-1.453947,-4.111456,3.064527,0.6310285,1.194104,0.5211568,-1.666072,-0.07889619,-0.1165632,0.3074712,0.04357152,-0.8595608,-4.172307,-0.0352978,0.6406201,1.440492,0.4488177,-0.139912,0.07642649,0.115973,-0.6906248,0.3238384,-0.02858637,0.7578124,1.54785,0.2496424,0.4367295,1.086243,0.2888262,293.9282,232.5994,349.0558,True
0,0.07777778,0.01524237,-0.3745492,-0.0489089,-1.453393,-4.109365,3.064522,0.630695,1.194399,0.5207877,-1.666596,-0.04671641,-0.1048213,0.3031745,0.04661886,-0.858977,-4.167881,-0.03736388,0.6403234,1.440747,0.4482775,-0.1324247,0.06471533,0.1191241,-0.6891552,0.3244118,-0.02778769,0.7579304,1.547936,0.2492428,0.4375604,1.086366,0.2870009,293.9424,232.1568,349.006,True
0,0.08888889,0.008706469,-0.3383664,-0.05016999,-1.452981,-4.10645,3.06441,0.6303132,1.194582,0.5203094,-1.667407,-0.07334919,-0.1004245,0.2967006,0.05932041,-0.8579832,-4.163679,-0.03921265,0.6401186,1.441024,0.4476378,-0.1240083,0.05190958,0.1073501,-0.6884208,0.3247174,-0.02695359,0.7580973,1.548038,0.2487221,0.4381198,1.086538,0.2855862,293.9543,231.8085,349.0145,True
0,0.1,-7.010996E-06,-0.2883654,-0.05683093,-1.452235,-4.10484,3.06451,0.6300794,1.194859,0.5199506,-1.667531,-0.01040498,-0.1088263,0.2721271,0.074177,-0.8567868,-4.160588,-0.03973703,0.6399193,1.44125,0.4470944,-0.1156111,0.03590246,0.09345359,-0.6878806,0.3245447,-0.02582494,0.7582746,1.548061,0.2482531,0.4384332,1.086751,0.2845588,293.9503,231.577,349.0544,True
0,0.1111111,-0.006626926,-0.2277015,-0.06142662,-1.451438,-4.103943,3.064709,0.6298475,1.195135,0.5196333,-1.668027,-0.0449269,-0.09696315,0.2411111,0.09197707,-0.8552108,-4.158131,-0.04065955,0.6397903,1.441449,0.4465883,-0.1061091,0.02843034,0.08486468,-0.6871201,0.3247746,-0.02503664,0.7584304,1.548112,0.2478194,0.4384976,1.087024,0.2839053,293.9562,231.4286,349.1454,True
0,0.1222222,-0.01743304,-0.1851288,-0.06164983,-1.450781,-4.103301,3.065205,0.6296553,1.195366,0.5193224,-1.668447,-0.03782752,-0.08630678,0.2165637,0.09597319,-0.8541312,-4.155959,-0.04147021,0.639709,1.441662,0.4461184,-0.09653017,0.02204372,0.08373719,-0.6860037,0.3250678,-0.02449416,0.7585763,1.548183,0.2473967,0.4383599,1.087351,0.2835048,293.9365,231.3481,349.3044,True
0,0.1333333,-0.02729516,-0.1095447,-0.06205674,-1.450071,-4.104154,3.065943,0.6297277,1.195584,0.5190048,-1.668821,-0.03359187,-0.0735858,0.1835336,0.09457061,-0.8532182,-4.154543,-0.04207874,0.6396858,1.44187,0.4456513,-0.08378607,0.008186385,0.07938625,-0.6852729,0.3244887,-0.02354527,0.7587714,1.548178,0.2469349,0.4381001,1.087734,0.2833095,293.9087,231.2672,349.4947,True
0,0.1444445,-0.03382123,-0.07335795,-0.06331494,-1.449337,-4.104221,3.066533,0.629655,1.195779,0.5187395,-1.668865,-0.003608517,-0.06730148,0.1558568,0.08900354,-0.8525455,-4.153446,-0.04222415,0.6397444,1.441981,0.4451392,-0.07843962,0.003930219,0.08147381,-0.6843424,0.3243938,-0.0227394,0.7589562,1.548197,0.2465,0.43773,1.088162,0.2832519,293.8616,231.2109,349.6729,True
0,0.1555556,-0.04139852,-0.04144462,-0.06667913,-1.448437,-4.104793,3.067309,0.629654,1.195949,0.5185082,-1.669008,-0.01300908,-0.05039719,0.1015275,0.08423208,-0.8517545,-4.154302,-0.04167181,0.6399403,1.442025,0.4447167,-0.06561673,-0.004586503,0.08563556,-0.6832079,0.3238569,-0.02201023,0.7591881,1.5482,0.2459979,0.4372966,1.088619,0.2832746,293.7975,231.2118,349.8195,True
0,0.1666667,-0.05001017,-0.02128509,-0.07317002,-1.447411,-4.104777,3.068204,0.6296371,1.196173,0.5181735,-1.669211,-0.01838868,-0.04092398,0.08132008,0.07654624,-0.8512357,-4.153743,-0.04187554,0.6401443,1.442104,0.4442804,-0.05917899,-0.01629318,0.08986601,-0.6820062,0.3230767,-0.02102459,0.7594938,1.548172,0.2455621,0.4368534,1.089098,0.2833622,293.7187,231.2409,349.96,True
0,0.1777778,-0.06073686,-0.004321184,-0.08070531,-1.446235,-4.105188,3.069256,0.6296936,1.196382,0.5179343,-1.669154,0.005316488,-0.03041788,0.05685864,0.06669692,-0.850832,-4.154016,-0.04172028,0.6404516,1.442213,0.4439135,-0.05068603,-0.02908311,0.08661772,-0.6811429,0.3218699,-0.01981791,0.7597715,1.548122,0.2450776,0.4364347,1.089565,0.2834502,293.6251,231.2313,350.1288,True
0,0.1888889,-0.06501282,-0.001187756,-0.08709268,-1.445327,-4.104972,3.070004,0.6297247,1.196597,0.5177577,-1.668924,0.0209179,-0.01558351,0.03769097,0.06216399,-0.8502094,-4.154008,-0.04199778,0.6408888,1.442398,0.4434993,-0.04652853,-0.03549419,0.07594553,-0.6805847,0.3210479,-0.0187135,0.7600396,1.548069,0.2445509,0.4360661,1.08999,0.283499,293.5394,231.1895,350.3093,True
0,0.2,-0.07463807,0.006198451,-0.09351021,-1.44406,-4.105205,3.071193,0.6298691,1.196858,0.5175025,-1.668696,0.02056732,-0.005051324,0.02174535,0.05343074,-0.8498904,-4.15438,-0.04205851,0.6412207,1.44258,0.4431221,-0.04026786,-0.03445927,0.06203645,-0.6803141,0.3205198,-0.01802454,0.7603449,1.548036,0.2440598,0.4357737,1.090367,0.2834518,293.4833,231.0975,350.515,True
0,0.2111111,-0.07789701,0.01998923,-0.09996583,-1.442865,-4.105609,3.072249,0.6301522,1.197214,0.517309,-1.668716,-0.002287783,0.008865049,-0.007100942,0.06375819,-0.8487697,-4.155565,-0.04181935,0.6418345,1.442831,0.4427536,-0.03503149,-0.04512954,0.0534893,-0.679953,0.3192411,-0.01665141,0.7606518,1.548067,0.2435575,0.4356005,1.090707,0.2833356,293.448,230.9549,350.7065,True
0,0.2222222,-0.08325927,0.02739673,-0.1053255,-1.441469,-4.106083,3.073412,0.6303442,1.197551,0.5170562,-1.668074,0.05853835,0.01099345,-0.02095953,0.065776,-0.8480533,-4.156235,-0.04149897,0.642267,1.443134,0.4424584,-0.03174525,-0.04510697,0.06304648,-0.6788978,0.3185107,-0.01583995,0.760937,1.548025,0.2430501,0.4355728,1.091013,0.2831647,293.4197,230.8111,350.8587,True
0,0.2333333,-0.08657368,0.05825707,-0.1086869,-1.44013,-4.107624,3.074708,0.6307203,1.197932,0.5168569,-1.667825,0.02200746,0.01199521,-0.02412524,0.06041924,-0.8475564,-4.156673,-0.04137647,0.6428178,1.443483,0.4421299,-0.02419696,-0.04828012,0.07364304,-0.6775726,0.317562,-0.01496457,0.7612308,1.548018,0.2425399,0.4356627,1.091304,0.2829471,293.4247,230.632,351.0204,True
0,0.2444444,-0.08874645,0.07103053,-0.1087548,-1.438884,-4.108681,3.075832,0.6310153,1.19831,0.5166187,-1.667307,0.04681826,0.01411182,-0.03798455,0.06137967,-0.8468048,-4.157752,-0.04083611,0.6434131,1.443865,0.441803,-0.01477466,-0.07174595,0.05656753,-0.6773798,0.3152054,-0.01316001,0.7615861,1.547989,0.2420268,0.4358492,1.091614,0.2827246,293.4449,230.4219,351.1901,True
0,0.2555556,-0.094155,0.09337609,-0.1099382,-1.437501,-4.110412,3.07727,0.6313947,1.198859,0.5164344,-1.66679,0.04638709,0.01624867,-0.06144967,0.06547742,-0.845894,-4.159591,-0.03984702,0.6441349,1.444332,0.4415014,-0.01516069,-0.09207404,0.01506545,-0.6785569,0.3124522,-0.01084359,0.76204,1.547957,0.2414422,0.4360194,1.091949,0.2824937,293.4599,230.1835,351.3639,True
0,0.2666667,-0.1016841,0.1125059,-0.1121661,-1.43603,-4.112069,3.078855,0.6317328,1.199394,0.5162826,-1.666315,0.04267294,0.02164326,-0.09027804,0.07589814,-0.8446599,-4.161943,-0.03872902,0.6448063,1.444756,0.4412026,-0.01108808,-0.1059639,-0.004117887,-0.6791375,0.3099396,-0.008706406,0.7624671,1.547891,0.2408633,0.4361309,1.092336,0.2823378,293.4614,229.9868,351.5102,True
0,0.2777778,-0.1124171,0.1337611,-0.1143995,-1.434545,-4.114155,3.080727,0.6321587,1.200054,0.5161846,-1.665441,0.07902534,0.03030719,-0.1362201,0.09577096,-0.8428133,-4.165959,-0.03671461,0.6456739,1.445325,0.4409533,-0.00153026,-0.1112967,-0.007391766,-0.6793138,0.307673,-0.007244864,0.7628874,1.547853,0.2403021,0.4361482,1.092775,0.2822755,293.454,229.8398,351.6575,True
0,0.2888889,-0.1199223,0.1454402,-0.1165814,-1.433103,-4.116028,3.082581,0.632715,1.20073,0.5160902,-1.664534,0.08172206,0.03880458,-0.1905985,0.1017472,-0.8413352,-4.17096,-0.03407941,0.6466608,1.44589,0.4407332,0.009154558,-0.1102237,-0.003231674,-0.6790614,0.3058238,-0.006184925,0.7633876,1.547812,0.2396512,0.4360674,1.093292,0.2823499,293.4592,229.7007,351.8377,True
0,0.3,-0.1285072,0.1603079,-0.118783,-1.431553,-4.118128,3.084638,0.6332405,1.201449,0.5160582,-1.663504,0.09286474,0.03875355,-0.2204262,0.101569,-0.8400883,-4.175574,-0.03143276,0.64758,1.446488,0.4404852,0.01546718,-0.1187637,-0.0117953,-0.6794944,0.3032335,-0.004564924,0.7638851,1.547782,0.2390294,0.43588,1.0939,0.2825724,293.4567,229.5707,352.0532,True
0,0.3111111,-0.134929,0.1666523,-0.1230697,-1.42993,-4.12014,3.086644,0.6337485,1.202224,0.5160108,-1.662621,0.07940172,0.04729523,-0.2567034,0.1087182,-0.8385229,-4.180798,-0.02876507,0.648698,1.447118,0.440268,0.02707333,-0.1379627,-0.02358364,-0.6802049,0.2997602,-0.002484197,0.7644801,1.547661,0.2383952,0.4356311,1.09463,0.2829662,293.4473,229.4936,352.2821,True
0,0.3222222,-0.1466998,0.1761373,-0.1337565,-1.427941,-4.122357,3.089018,0.6343153,1.203114,0.5160105,-1.661529,0.09841258,0.05160883,-0.2801975,0.1170534,-0.8368164,-4.186081,-0.02596183,0.6497363,1.447782,0.4399779,0.0386596,-0.1752797,-0.03853295,-0.6812015,0.2946281,0.0006317018,0.7650797,1.547536,0.2376206,0.4353862,1.095483,0.2835062,293.4041,229.4499,352.5431,True
0,0.3333333,-0.1595057,0.1781476,-0.1454572,-1.42598,-4.124179,3.091407,0.6348801,1.203928,0.5160089,-1.660546,0.08834917,0.05504107,-0.3165832,0.1444995,-0.834175,-4.192184,-0.02252502,0.650857,1.448467,0.4396017,0.04603389,-0.1987351,-0.04707355,-0.6819993,0.2897716,0.003700196,0.7656773,1.547463,0.236846,0.4351263,1.096438,0.2841203,293.3373,229.3978,352.8245,True
0,0.3444445,-0.1702041,0.1876532,-0.1529525,-1.423903,-4.126488,3.093919,0.6354855,1.204853,0.5160859,-1.65912,0.1287973,0.0541494,-0.3380001,0.1635551,-0.8317484,-4.197955,-0.01922616,0.6520606,1.449211,0.4391944,0.071501,-0.2317832,-0.05789293,-0.683014,0.283911,0.006599313,0.7663262,1.547313,0.2359257,0.4348538,1.09747,0.2847511,293.2585,229.3159,353.1307,True
0,0.3555556,-0.1776888,0.1950394,-0.1593752,-1.421921,-4.128769,3.096355,0.6361653,1.205864,0.5161421,-1.657832,0.1157861,0.05960566,-0.3434119,0.1762477,-0.8292998,-4.203296,-0.01645647,0.6531887,1.449962,0.4388292,0.08862469,-0.2349603,-0.04952306,-0.6833144,0.2796154,0.008381234,0.7669258,1.547205,0.2350779,0.4345913,1.098563,0.2853774,293.1768,229.1747,353.4818,True
0,0.3666667,-0.1841147,0.1981661,-0.168964,-1.419686,-4.131037,3.098953,0.6368678,1.206801,0.5161517,-1.656505,0.1194715,0.05328579,-0.3498389,0.1837318,-0.827075,-4.208702,-0.01318877,0.6544123,1.450783,0.4384515,0.1036418,-0.2381296,-0.03900523,-0.6834183,0.275475,0.009939716,0.7676015,1.547077,0.2342713,0.4343666,1.099689,0.2859749,293.0811,229.006,353.837,True
0,0.3777778,-0.1883747,0.1916867,-0.181703,-1.417177,-4.132843,3.101436,0.637516,1.207936,0.5162482,-1.655206,0.116781,0.04168859,-0.3541508,0.1955515,-0.8244806,-4.214194,-0.009524263,0.6556642,1.451642,0.4379809,0.1227789,-0.262643,-0.0433972,-0.6841373,0.2694878,0.01257598,0.7683506,1.546962,0.2333698,0.4342014,1.100843,0.2865671,293.0066,228.8353,354.1607,True
0,0.3888889,-0.1947395,0.1766679,-0.1954581,-1.414488,-4.134131,3.104019,0.6382724,1.209112,0.5163131,-1.653587,0.146019,0.0343498,-0.3499379,0.2063072,-0.8218877,-4.219162,-0.006199839,0.6570146,1.452533,0.437557,0.1289801,-0.2989041,-0.06361314,-0.685503,0.2624208,0.01652571,0.7691123,1.546899,0.2323673,0.4341048,1.102015,0.2871581,292.9362,228.6664,354.4884,True
0,0.4,-0.198959,0.158464,-0.2091965,-1.411641,-4.135179,3.10653,0.6389602,1.210325,0.5163739,-1.652058,0.1374146,0.02932096,-0.3458276,0.2330211,-0.8183303,-4.224227,-0.002879143,0.6583707,1.453499,0.4370513,0.13629,-0.3255695,-0.07960548,-0.6870199,0.2552531,0.02029222,0.7699012,1.546784,0.2313566,0.4340562,1.103177,0.2877251,292.8702,228.4505,354.8592,True
0,0.4111111,-0.1978913,0.1498595,-0.2240651,-1.408617,-4.136471,3.108932,0.6396621,1.21155,0.5163736,-1.650245,0.1633947,0.03165978,-0.3448781,0.2511092,-0.8149699,-4.2295,0.0001302286,0.659875,1.454448,0.4365332,0.1349958,-0.3543854,-0.1040295,-0.6890317,0.247572,0.02486221,0.7707721,1.546638,0.230252,0.4340888,1.104336,0.2882793,292.8391,228.1731,355.2741,True
0,0.4222222,-0.2064108,0.1412066,-0.242112,-1.405316,-4.137737,3.111691,0.6404014,1.212881,0.5164158,-1.648552,0.1522368,0.03301883,-0.3429091,0.2777406,-0.8108782,-4.234645,0.003278884,0.6613606,1.455497,0.4360049,0.1380988,-0.3703797,-0.1136102,-0.6906371,0.2405531,0.02872912,0.7716794,1.546468,0.2291911,0.4342304,1.105496,0.2888011,292.83,227.8549,355.7253,True
0,0.4333333,-0.2085597,0.1389816,-0.2559417,-1.402037,-4.139029,3.114357,0.6411188,1.214159,0.5164528,-1.646915,0.1470531,0.04085699,-0.3623207,0.315888,-0.8061841,-4.241073,0.007039268,0.6630274,1.456601,0.4355023,0.1486533,-0.3853157,-0.1243307,-0.6925295,0.2331384,0.03242931,0.7725828,1.546353,0.2280579,0.4344298,1.106654,0.2892447,292.8265,227.4897,356.1905,True
0,0.4444444,-0.2096749,0.1420462,-0.2783269,-1.398173,-4.140627,3.117004,0.6418794,1.215571,0.5165582,-1.644712,0.1989485,0.04423457,-0.3720178,0.3338979,-0.8020754,-4.247249,0.01070751,0.6645656,1.457684,0.4350002,0.1538425,-0.4055884,-0.1392551,-0.6947814,0.2251562,0.03668318,0.7735525,1.546354,0.2268825,0.4346539,1.107804,0.2896176,292.8236,227.0842,356.6605,True
0,0.4555556,-0.2075882,0.1440821,-0.2953879,-1.394273,-4.142139,3.119634,0.6426625,1.217021,0.5166659,-1.642856,0.1666178,0.05082878,-0.4094601,0.3581052,-0.7972961,-4.255463,0.01564634,0.6663053,1.458829,0.4343562,0.1612413,-0.4269072,-0.1456715,-0.6968459,0.2167424,0.0411027,0.774475,1.546248,0.2256517,0.4348889,1.108963,0.2899591,292.8388,226.6366,357.1435,True
0,0.4666667,-0.2044079,0.1419514,-0.3006895,-1.391024,-4.143854,3.122249,0.643428,1.218504,0.5169032,-1.640975,0.1692426,0.04865518,-0.4211696,0.3559293,-0.7935954,-4.262669,0.02022538,0.6679881,1.459962,0.4337006,0.1612247,-0.4418267,-0.1467068,-0.6987016,0.2085368,0.04571715,0.7754183,1.546129,0.2243426,0.4351122,1.11014,0.2903108,292.8523,226.1583,357.6418,True
0,0.4777778,-0.2065536,0.1365017,-0.3208959,-1.386759,-4.145158,3.124875,0.6441463,1.220072,0.5170352,-1.638978,0.1798497,0.04885426,-0.4202129,0.3740444,-0.7889604,-4.269367,0.0243895,0.6696818,1.461109,0.4331081,0.163376,-0.455671,-0.1445672,-0.70048,0.2000043,0.05035638,0.7763504,1.545964,0.2230649,0.4353268,1.111352,0.2907516,292.8782,225.6225,358.195,True
0,0.4888889,-0.210793,0.122586,-0.3303859,-1.382969,-4.14609,3.127713,0.6448983,1.221543,0.517133,-1.636971,0.1804884,0.05760092,-0.4331399,0.3962448,-0.7839372,-4.276856,0.02870328,0.6713181,1.462081,0.4323583,0.1708296,-0.467387,-0.1446193,-0.7024364,0.1915745,0.05470692,0.7773335,1.545802,0.2218156,0.4355178,1.112613,0.2913248,292.9113,225.1211,358.7334,True
0,0.5,-0.2085987,0.0926204,-0.3557861,-1.378185,-4.146052,3.12995,0.6454989,1.223107,0.5173087,-1.634796,0.1959246,0.07890981,-0.4374426,0.397052,-0.779658,-4.284164,0.03226979,0.6730001,1.463145,0.4316134,0.1845695,-0.4780636,-0.1564437,-0.7048962,0.1830052,0.05868515,0.7782708,1.545624,0.2205331,0.435655,1.113929,0.2920374,292.9372,224.7242,359.2227,True
0,0.5111111,-0.2128228,0.07012825,-0.3748224,-1.373489,-4.146085,3.132588,0.6461395,1.224629,0.517482,-1.632386,0.2171686,0.08863679,-0.4076883,0.4067177,-0.7749948,-4.289319,0.03483308,0.6748092,1.464284,0.430897,0.1897531,-0.4898155,-0.1713866,-0.7077244,0.1742561,0.06315473,0.7792512,1.545451,0.2191713,0.4357083,1.115281,0.2928221,292.951,224.2621,359.8552,True
0,0.5222223,-0.2148782,0.03587354,-0.4023215,-1.367988,-4.145206,3.134911,0.6466591,1.226302,0.5176845,-1.630628,0.1574145,0.08785015,-0.3737212,0.4271771,-0.7695166,-4.29406,0.0373503,0.6766633,1.465405,0.4300969,0.1972241,-0.4876822,-0.1704023,-0.7099838,0.1661514,0.06683522,0.7802343,1.545256,0.2178962,0.4357206,1.116649,0.2936094,292.949,223.796,0.5398251,True
0,0.5333334,-0.2160567,-0.009200603,-0.4456402,-1.362182,-4.144314,3.137183,0.6472256,1.227823,0.5177724,-1.628105,0.2279496,0.07748547,-0.3482712,0.4498157,-0.7639245,-4.298763,0.0402156,0.678391,1.466536,0.429235,0.2240346,-0.4982939,-0.1514533,-0.7114204,0.1573057,0.07019746,0.7811173,1.545076,0.2164509,0.4357701,1.117995,0.2943546,292.9403,223.1788,1.339212,True
0,0.5444446,-0.2157696,-0.04224473,-0.4668561,-1.355954,-4.142445,3.139092,0.6475745,1.229687,0.5179212,-1.625986,0.1902687,0.07248038,-0.3228574,0.4755966,-0.7578829,-4.303431,0.04298981,0.680203,1.467768,0.4283745,0.2325536,-0.5089481,-0.1525878,-0.7137245,0.1483393,0.07408142,0.7820774,1.544916,0.2149956,0.435886,1.119295,0.295024,292.9618,222.5194,2.12745,True
0,0.5555557,-0.216706,-0.09248656,-0.4963966,-1.34935,-4.139634,3.140975,0.6478642,1.231515,0.5181398,-1.623811,0.1957483,0.08481458,-0.2816314,0.5257826,-0.750245,-4.306461,0.04384415,0.682034,1.468936,0.4274697,0.2229581,-0.5291917,-0.1535217,-0.7160191,0.1384231,0.07937312,0.7829515,1.544742,0.2135053,0.4360847,1.120537,0.2955815,293.0151,221.7332,2.993214,True
0,0.5666668,-0.2187459,-0.1299019,-0.5185498,-1.342849,-4.136989,-3.140176,0.6483347,1.233227,0.5183299,-1.621703,0.1895905,0.1085973,-0.2765329,0.556453,-0.7430614,-4.311452,0.04541169,0.6839013,1.470051,0.426487,0.2176844,-0.5430359,-0.1491987,-0.7183121,0.1285396,0.08449464,0.7839634,1.544532,0.2120495,0.4363566,1.121701,0.296,293.1041,220.8815,3.875287,True
0,0.577778,-0.2292626,-0.1887788,-0.561874,-1.335153,-4.132776,-3.138225,0.6485139,1.235145,0.5186212,-1.619232,0.2227061,0.1127752,-0.29782,0.5520183,-0.7372466,-4.317832,0.04871454,0.685728,1.471133,0.4255512,0.2296104,-0.5429888,-0.1269375,-0.7194572,0.1194614,0.0883762,0.7847927,1.544335,0.2105818,0.436712,1.122816,0.2962803,293.2665,219.9554,4.75541,True
0,0.5888891,-0.2313412,-0.2134034,-0.5830399,-1.328048,-4.129795,-3.136308,0.6489108,1.236981,0.518682,-1.616756,0.2228209,0.105073,-0.3157985,0.5317544,-0.7323602,-4.324512,0.05275802,0.6875565,1.472119,0.4245543,0.242522,-0.5386983,-0.113217,-0.7207478,0.1107742,0.0917688,0.785584,1.544097,0.2091646,0.4371968,1.123892,0.2964536,293.4373,218.9492,5.659537,True
0,0.6000003,-0.2355803,-0.233829,-0.612745,-1.320182,-4.126416,-3.134351,0.6491514,1.239043,0.5189209,-1.614116,0.2379065,0.08031929,-0.314552,0.5085931,-0.7277631,-4.330095,0.0569027,0.689417,1.473279,0.4235861,0.2520964,-0.5280485,-0.1143998,-0.7226487,0.1026922,0.09469136,0.7864683,1.543913,0.2077272,0.4378267,1.124936,0.2965501,293.6011,217.9068,6.568046,True
0,0.6111114,-0.2387625,-0.2478119,-0.6339607,-1.312607,-4.123301,-3.132449,0.6494384,1.241177,0.5190637,-1.612024,0.1877229,0.07216009,-0.2902186,0.5386597,-0.7209161,-4.334173,0.05950807,0.6913611,1.474498,0.4226294,0.2637442,-0.5206061,-0.121981,-0.7247521,0.0947281,0.09735318,0.7873282,1.543731,0.2063143,0.4385265,1.12596,0.2965402,293.8159,216.7477,7.534856,True
0,0.6222225,-0.2387967,-0.2575857,-0.6690552,-1.30407,-4.120333,-3.130557,0.649623,1.243319,0.5193017,-1.609509,0.2267753,0.07479179,-0.2755704,0.5823995,-0.7130795,-4.338714,0.06203701,0.6933017,1.475696,0.4216688,0.2795385,-0.5259727,-0.1423637,-0.7277045,0.08614074,0.1001298,0.7882771,1.543499,0.2048411,0.4392334,1.127005,0.296461,294.0502,215.6385,8.424088,True
0,0.6333337,-0.2452011,-0.2684385,-0.70094,-1.29525,-4.117034,-3.128569,0.6497567,1.245449,0.5196402,-1.607153,0.2117891,0.103225,-0.2728385,0.6492239,-0.7036535,-4.34438,0.06409643,0.6955923,1.476934,0.4205203,0.2803766,-0.5462677,-0.1668367,-0.7311421,0.07640436,0.1042992,0.7891674,1.543336,0.2032773,0.439899,1.128119,0.2963899,294.3263,214.5148,9.291979,True
0,0.6444448,-0.261182,-0.290016,-0.7412685,-1.285708,-4.113301,-3.126133,0.6497892,1.24758,0.5200355,-1.604712,0.2196855,0.1452702,-0.2966577,0.6997609,-0.6945795,-4.351836,0.06691378,0.6978096,1.477887,0.4194062,0.2728966,-0.5601327,-0.1688785,-0.7338367,0.06663322,0.1088708,0.7900479,1.543111,0.201515,0.4404683,1.129345,0.2963797,294.5946,213.3846,10.1829,True
0,0.655556,-0.2781969,-0.3158684,-0.779441,-1.275651,-4.108786,-3.123753,0.6498843,1.249859,0.5204253,-1.601977,0.246526,0.1494175,-0.3019336,0.6900955,-0.6873986,-4.358241,0.07000971,0.6999961,1.478972,0.4183125,0.2741005,-0.5558405,-0.1539838,-0.735768,0.05779499,0.1123385,0.790841,1.542921,0.1999006,0.4408953,1.130675,0.2965077,294.8228,212.1126,11.22353,True
0,0.6666671,-0.2941864,-0.3245863,-0.8049291,-1.265776,-4.105004,-3.121093,0.6499864,1.25216,0.5207121,-1.598778,0.2886136,0.1218386,-0.2934276,0.7000428,-0.6794683,-4.364053,0.07417676,0.7022749,1.480007,0.4169874,0.2944384,-0.5537088,-0.1445886,-0.7378016,0.04853105,0.1150797,0.7916442,1.542746,0.1982369,0.4411711,1.132077,0.2968331,295.0139,210.7732,12.37282,True
0,0.6777782,-0.3197578,-0.3397866,-0.8388889,-1.255046,-4.100693,-3.117895,0.6500717,1.254565,0.5210698,-1.595893,0.2594376,0.09014422,-0.2689948,0.720777,-0.6709067,-4.368611,0.07781278,0.7047448,1.481047,0.4158034,0.3286566,-0.5643304,-0.131036,-0.7395252,0.03882782,0.1173802,0.7924078,1.542472,0.1965785,0.4412979,1.133521,0.2973475,295.2253,209.4392,13.5999,True
0,0.6888894,-0.3506883,-0.3507767,-0.8803097,-1.244037,-4.096737,-3.114225,0.6502402,1.256939,0.5212991,-1.593067,0.25427,0.07977289,-0.2701976,0.7464531,-0.662032,-4.374712,0.08199181,0.7072691,1.482145,0.4146056,0.3627321,-0.5888338,-0.1334366,-0.7419652,0.02825934,0.1199879,0.7932472,1.542183,0.1949546,0.4413515,1.135009,0.2980048,295.4962,208.1726,14.84836,True
0,0.7000005,-0.3741844,-0.3606889,-0.9260135,-1.232276,-4.092805,-3.110576,0.6503608,1.259297,0.5215218,-1.589511,0.3210374,0.1046284,-0.3333458,0.7884181,-0.6523594,-4.385666,0.0886348,0.7101063,1.483134,0.4134688,0.3731179,-0.6080725,-0.1622634,-0.7456579,0.01787221,0.1231773,0.7941037,1.541933,0.1933167,0.441328,1.13655,0.2987183,295.7986,206.9823,16.06942,True
0,0.7111117,-0.3987525,-0.3567095,-0.9600813,-1.220521,-4.089214,-3.106664,0.6504731,1.261776,0.5216818,-1.586094,0.3075676,0.1642914,-0.4678148,0.8093265,-0.6437606,-4.403505,0.09878463,0.713035,1.484044,0.4123747,0.3794197,-0.614484,-0.1718999,-0.7487925,0.008109059,0.1259886,0.7949294,1.541692,0.1917102,0.4412711,1.138156,0.2994214,296.1346,205.7466,17.34382,True
0,0.7222228,-0.4052035,-0.3504624,-0.9814125,-1.208923,-4.085799,-3.103212,0.6505592,1.264171,0.521909,-1.582965,0.2813423,0.193499,-0.5954825,0.7730864,-0.6377397,-4.422513,0.1109721,0.7159421,1.484902,0.4111791,0.3836001,-0.6134412,-0.1804731,-0.7520074,-0.001249555,0.1284946,0.7957758,1.541474,0.1901338,0.4411835,1.139843,0.3000369,296.4725,204.4352,18.67851,True
0,0.7333339,-0.4085646,-0.3186857,-1.011417,-1.196617,-4.08377,-3.099344,0.6506485,1.266709,0.5220802,-1.579535,0.3089558,0.1941737,-0.6656492,0.7481554,-0.631525,-4.440192,0.1230745,0.7187815,1.485907,0.4099863,0.394317,-0.6049093,-0.1742118,-0.7545944,-0.0102344,0.1303418,0.796636,1.541202,0.1885448,0.4410726,1.141602,0.3005463,296.8084,203.0316,20.0472,True
0,0.7444451,-0.4098104,-0.2783615,-1.034018,-1.184431,-4.082289,-3.095392,0.6508858,1.269265,0.5221903,-1.576578,0.2652909,0.1938753,-0.7177188,0.7286792,-0.6252958,-4.457651,0.1351402,0.7216231,1.486884,0.40886,0.4019372,-0.6006173,-0.1561951,-0.7566355,-0.0195532,0.1324678,0.7974223,1.540915,0.1867218,0.4409359,1.143443,0.3009667,297.1465,201.639,21.35136,True
0,0.7555562,-0.4132148,-0.2284029,-1.051342,-1.172053,-4.08202,-3.090793,0.6509938,1.271944,0.522336,-1.573075,0.3154822,0.1909176,-0.7007844,0.74799,-0.6174017,-4.472152,0.1449351,0.724329,1.487938,0.40763,0.4051944,-0.6176486,-0.1497983,-0.7590894,-0.03003513,0.1354183,0.7982255,1.540645,0.1850729,0.4407756,1.145337,0.3013701,297.4616,200.2269,22.62697,True
0,0.7666674,-0.4154888,-0.1933277,-1.063254,-1.159783,-4.081586,-3.08633,0.6510271,1.274589,0.5224683,-1.569413,0.329538,0.2093543,-0.6743464,0.7735144,-0.6088279,-4.486021,0.1533097,0.7269624,1.488952,0.4062951,0.4008709,-0.6187363,-0.155073,-0.7619448,-0.03986872,0.1383464,0.7990681,1.540375,0.1833043,0.4405106,1.147271,0.3018444,297.8101,198.8237,23.87967,True
0,0.7777785,-0.4188058,-0.165715,-1.07619,-1.14732,-4.08145,-3.081649,0.6509984,1.277292,0.522593,-1.565327,0.3680626,0.2115604,-0.6306736,0.773753,-0.6011932,-4.498048,0.1607636,0.7293191,1.489938,0.4049232,0.3890538,-0.6230202,-0.1656071,-0.7651256,-0.04955504,0.1414373,0.7998897,1.540131,0.181674,0.4400982,1.149248,0.3024819,298.1919,197.5111,25.08221,True
0,0.7888896,-0.4263349,-0.1487923,-1.083732,-1.134868,-4.080376,-3.076948,0.6511554,1.280005,0.5225494,-1.561377,0.3552896,0.189506,-0.5775071,0.7956223,-0.5924671,-4.50943,0.1689158,0.7318721,1.490929,0.4035192,0.3793795,-0.6187809,-0.1740504,-0.7683779,-0.05881405,0.1442347,0.8007131,1.539884,0.17994,0.4394041,1.151291,0.3033173,298.6071,196.3077,26.2316,True
0,0.8000008,-0.4435168,-0.131807,-1.09228,-1.122743,-4.080793,-3.070966,0.6511412,1.28283,0.5227447,-1.557185,0.3772686,0.1450801,-0.4635118,0.8074453,-0.583317,-4.514397,0.1731084,0.7339895,1.491853,0.4020736,0.370828,-0.623049,-0.1771576,-0.771529,-0.06850769,0.1473708,0.8014987,1.539634,0.178313,0.4384107,1.153402,0.3043678,299.0197,195.2008,27.40038,True
0,0.8111119,-0.4574832,-0.1031427,-1.100943,-1.110335,-4.081607,-3.065115,0.6511333,1.285474,0.5228298,-1.552575,0.4154241,0.1184591,-0.3941811,0.799636,-0.5752833,-4.520913,0.1783516,0.7364109,1.492713,0.4007018,0.3634625,-0.6102548,-0.1675347,-0.7740275,-0.07726696,0.1498207,0.802254,1.539379,0.1766837,0.4371842,1.155578,0.3056209,299.4341,194.2123,28.60948,True
0,0.8222231,-0.4715219,-0.05319339,-1.109728,-1.097929,-4.083646,-3.058628,0.6511433,1.288164,0.52284,-1.547609,0.4474877,0.08354032,-0.2833702,0.8049433,-0.5663361,-4.523121,0.1805458,0.7385613,1.493697,0.3992465,0.3624328,-0.6049321,-0.1632838,-0.7767775,-0.0863024,0.1522481,0.8030481,1.539109,0.175133,0.4358845,1.157811,0.3070012,299.8795,193.3343,29.80866,True
0,0.8333342,-0.4759218,-0.01594228,-1.11313,-1.085703,-4.086046,-3.052166,0.6511624,1.290821,0.5228693,-1.54351,0.3681768,0.08356228,-0.2375312,0.7998927,-0.5580302,-4.527918,0.1837046,0.7407132,1.494626,0.3979135,0.3613167,-0.59429,-0.168622,-0.7797267,-0.09457377,0.1541821,0.8037984,1.538865,0.1736121,0.434475,1.160146,0.3084219,300.3449,192.5089,30.90976,True
0,0.8444453,-0.482519,0.04366684,-1.116659,-1.073578,-4.090053,-3.04493,0.6512094,1.293595,0.5227504,-1.539011,0.4051395,0.07602802,-0.2086913,0.7873631,-0.5502346,-4.533738,0.1879566,0.7430451,1.495584,0.3964763,0.3473244,-0.5826049,-0.1834305,-0.7831749,-0.102474,0.1564197,0.8045533,1.538604,0.1721575,0.4329371,1.162591,0.3098294,300.7796,191.6351,32.0482,True
0,0.8555565,-0.4890746,0.0894506,-1.116911,-1.061564,-4.094341,-3.037288,0.651206,1.296318,0.5226033,-1.534626,0.3942848,0.07380849,-0.2331634,0.7829778,-0.5425258,-4.543245,0.1953426,0.7453536,1.496462,0.3951485,0.3387519,-0.5751593,-0.1886923,-0.7863691,-0.1104786,0.1586386,0.8052979,1.538359,0.1706963,0.4312645,1.16516,0.3112237,301.1956,190.7634,33.18143,True
0,0.8666676,-0.4955185,0.109653,-1.119153,-1.049426,-4.097847,-3.030002,0.6513512,1.299054,0.5223951,-1.529934,0.4223955,0.08227244,-0.2960626,0.7878332,-0.5348826,-4.557121,0.2060134,0.7477653,1.497216,0.393739,0.3396896,-0.564536,-0.2015057,-0.789893,-0.1181298,0.1602826,0.8059934,1.538184,0.169255,0.4294874,1.167851,0.3126341,301.5931,189.9287,34.28995,True
0,0.8777788,-0.5168962,0.1265843,-1.125606,-1.037082,-4.101873,-3.021541,0.6513089,1.301695,0.522228,-1.524874,0.4557368,0.09397119,-0.3600503,0.7958428,-0.5272878,-4.572609,0.2179118,0.7501268,1.497892,0.3923781,0.3341732,-0.5560558,-0.2217132,-0.7939288,-0.1255292,0.1619615,0.8066684,1.537955,0.1678739,0.4275586,1.170681,0.3140634,301.9912,189.1596,35.36116,True
0,0.8888899,-0.5372276,0.1520166,-1.134246,-1.024715,-4.106424,-3.012672,0.6514232,1.304301,0.522002,-1.519915,0.446035,0.1023835,-0.3824103,0.7913635,-0.5199055,-4.585848,0.2281141,0.7523837,1.498632,0.3909216,0.3255631,-0.5496894,-0.2312382,-0.7977531,-0.1330758,0.1639109,0.8073601,1.537712,0.1664629,0.4255219,1.173642,0.3155323,302.3694,188.4225,36.4782,True
0,0.900001,-0.5660951,0.178515,-1.139675,-1.01244,-4.111787,-3.002652,0.6513786,1.306823,0.5218637,-1.513985,0.5348185,0.1205653,-0.3739508,0.7965443,-0.5120769,-4.597651,0.2364011,0.7546558,1.499209,0.3896332,0.3139046,-0.5422196,-0.2247524,-0.8009073,-0.1404009,0.165993,0.8079405,1.537482,0.1651325,0.4235077,1.176679,0.3170378,302.7365,187.6428,37.69317,True
0,0.9111122,-0.5853314,0.1954552,-1.146143,-1.000026,-4.117149,-2.992727,0.6515723,1.309324,0.5216396,-1.508635,0.4809991,0.1204246,-0.3568161,0.7806689,-0.5049417,-4.608034,0.2441573,0.756891,1.499752,0.3882465,0.3151554,-0.536857,-0.2045299,-0.8033479,-0.148037,0.1677997,0.808545,1.53724,0.1638525,0.4214593,1.179741,0.318502,303.1179,186.8489,38.89675,True
0,0.9222233,-0.6151801,0.2091559,-1.14835,-0.9871923,-4.122711,-2.981936,0.6517583,1.311646,0.5206971,-1.502674,0.5374249,0.1052329,-0.3555861,0.7563391,-0.4984053,-4.620304,0.2543207,0.759061,1.500251,0.3869216,0.3313911,-0.5357403,-0.1759184,-0.8053809,-0.156158,0.1691949,0.8091279,1.536936,0.1625526,0.4194008,1.182823,0.3199271,303.5125,186.058,40.05643,True
0,0.9333345,-0.6279829,0.2144362,-1.148359,-0.9749705,-4.128309,-2.971383,0.6517321,1.314128,0.5204039,-1.497315,0.4815823,0.09987104,-0.343842,0.7522104,-0.4912573,-4.632002,0.2637403,0.7612022,1.500826,0.3855124,0.3335209,-0.5250871,-0.1759604,-0.8082348,-0.1632323,0.1702961,0.8097106,1.536637,0.1613452,0.4172844,1.185938,0.3213161,303.9137,185.3083,41.15253,True
0,0.9444456,-0.640781,0.2186988,-1.144109,-0.9628451,-4.134202,-2.960486,0.6518301,1.316498,0.5200121,-1.491025,0.5670578,0.09256175,-0.3588443,0.7681778,-0.483654,-4.646584,0.2758119,0.7631674,1.501197,0.3842642,0.3313095,-0.5112623,-0.1844887,-0.8114833,-0.169948,0.1713281,0.810329,1.53638,0.1600652,0.4151576,1.18908,0.3226478,304.3114,184.6276,42.29753,True
0,0.9555568,-0.6568438,0.2442384,-1.138903,-0.95105,-4.141434,-2.948379,0.6517899,1.318811,0.5197306,-1.485484,0.4977566,0.08607325,-0.3577186,0.7597353,-0.476741,-4.660111,0.2870715,0.7651363,1.501586,0.3829203,0.3278531,-0.490014,-0.2121993,-0.8155329,-0.1757641,0.1717204,0.8109093,1.536089,0.1589625,0.4129476,1.192216,0.3237506,304.7549,183.9789,43.4547,True
0,0.9666679,-0.6686023,0.2655914,-1.127301,-0.9396905,-4.149108,-2.936083,0.6520004,1.321187,0.5194192,-1.479427,0.5454563,0.07855603,-0.3310469,0.7514572,-0.4697992,-4.671562,0.2966932,0.7670434,1.501963,0.3815987,0.3160246,-0.4634092,-0.2238662,-0.8191777,-0.1810101,0.1721345,0.8115939,1.53575,0.1577621,0.4108258,1.195378,0.3247839,305.1883,183.2586,44.51592,True
0,0.977779,-0.6762029,0.3136058,-1.109454,-0.929235,-4.158593,-2.922661,0.6519487,1.323362,0.5191655,-1.472864,0.5909888,0.08604637,-0.2734961,0.7453332,-0.46232,-4.679429,0.3025439,0.7687868,1.50223,0.3804245,0.3117716,-0.4303831,-0.2228295,-0.8222275,-0.1853717,0.1717822,0.8121147,1.535474,0.1567349,0.4087833,1.198555,0.3258151,305.5912,182.5036,45.52713,True
0,0.9888902,-0.6895888,0.3714574,-1.08984,-0.9190739,-4.168627,-2.908774,0.6520152,1.325513,0.5188448,-1.466632,0.5605291,0.0976944,-0.2404359,0.7347609,-0.4552615,-4.688511,0.309279,0.7707095,1.502431,0.3791656,0.3131447,-0.4058063,-0.189867,-0.8237413,-0.1901621,0.1715148,0.8125626,1.535222,0.1557357,0.4067131,1.201782,0.3269104,305.9852,181.8034,46.45799,True
0,1.000001,-0.7030451,0.3925618,-1.075783,-0.9093241,-4.178812,-2.8943,0.6520467,1.327686,0.518549,-1.460155,0.5828888,0.1018298,-0.1945198,0.7158182,-0.4485243,-4.694754,0.3136162,0.7723085,1.502596,0.3780856,0.3165854,-0.3993666,-0.1632822,-0.8254899,-0.1958217,0.1717544,0.8129983,1.535026,0.1546612,0.4045978,1.2051,0.3281431,306.3664,181.1876,47.35468,True
0,1.011112,-0.7116319,0.4171177,-1.060995,-0.8998587,-4.189123,-2.879827,0.6518813,1.32971,0.518285,-1.453415,0.6066698,0.06634343,-0.1718757,0.6811872,-0.4427857,-4.702266,0.3207743,0.7738427,1.502682,0.3770161,0.3124135,-0.3854981,-0.1536838,-0.8274644,-0.2005726,0.1716778,0.813418,1.534767,0.1537299,0.4022457,1.20853,0.3295129,306.6895,180.6273,48.26245,True
0,1.022224,-0.7234263,0.4438145,-1.044072,-0.890854,-4.200053,-2.864626,0.6517601,1.331781,0.5180011,-1.446144,0.6548083,0.05125952,-0.174957,0.666418,-0.4368655,1.570846,0.3298352,0.775503,1.502758,0.3759568,0.3114194,-0.3727049,-0.1462455,-0.8295789,-0.2052931,0.1714373,0.8138989,1.534406,0.1527939,0.3996919,1.212076,0.3310682,306.9821,180.156,49.21142,True
0,1.033335,-0.7350954,0.437472,-1.028037,-0.8817279,-4.209752,-2.849993,0.6514359,1.333751,0.5176802,-1.439262,0.6188124,0.03618497,-0.1886934,0.6526493,-0.4312441,1.559776,0.3398508,0.7769697,1.502871,0.3749964,0.3018912,-0.3577779,-0.139795,-0.8314538,-0.2096013,0.1713182,0.8143383,1.534126,0.1519539,0.396961,1.215727,0.3327811,307.2652,179.7504,50.19847,True
0,1.044446,-0.7424753,0.4247406,-1.015176,-0.8726822,-4.219122,-2.835708,0.6513004,1.335774,0.5173323,-1.431882,0.664663,0.03504181,-0.2025192,0.6483168,-0.4255572,1.547882,0.3502885,0.7783735,1.502968,0.374016,0.2997614,-0.3343521,-0.1377007,-0.8334901,-0.2132871,0.1706932,0.8147798,1.5339,0.1512005,0.3940741,1.219438,0.3346035,307.5247,179.3626,51.22187,True
0,1.055557,-0.7519531,0.4035165,-0.9947976,-0.8640578,-4.227976,-2.821331,0.6508992,1.33765,0.516959,-1.424449,0.6689458,0.01887453,-0.2002589,0.6314594,-0.4202628,1.537334,0.3602426,0.7795624,1.502993,0.373167,0.2847075,-0.3215996,-0.1525008,-0.8361537,-0.2169412,0.1704607,0.8152202,1.533648,0.1504664,0.3911028,1.223181,0.3364911,307.7696,179.0349,52.23735,True
0,1.066668,-0.7604392,0.3992877,-0.9819742,-0.8555863,-4.237856,-2.806164,0.6507149,1.339601,0.5165915,-1.417226,0.6495268,-0.007635653,-0.154432,0.635229,-0.4135298,1.530156,0.3676997,0.7809222,1.503062,0.3721967,0.2675579,-0.3120393,-0.1640876,-0.8389783,-0.2207573,0.1705084,0.8156441,1.53355,0.1496818,0.3881424,1.226874,0.3383552,308.0207,178.7297,53.27415,True
0,1.077779,-0.7646173,0.3855398,-0.9616477,-0.8474338,-4.247152,-2.791316,0.6502343,1.34144,0.5161762,-1.409342,0.71019,-0.001210392,-0.0968793,0.6291167,-0.4067702,1.525931,0.3714188,0.7820807,1.503056,0.371388,0.2559494,-0.2939053,-0.1522971,-0.8407317,-0.2239846,0.1702191,0.8160551,1.533317,0.1490176,0.385349,1.230448,0.34014,308.2882,178.4344,54.28032,True
0,1.08889,-0.7634291,0.3654152,-0.9391817,-0.8394763,-4.255866,-2.777134,0.6500223,1.343319,0.5156863,-1.401575,0.6988294,-0.01426771,-0.09777483,0.603694,-0.4017032,1.517189,0.3799399,0.7834418,1.503058,0.3704422,0.2475078,-0.2896343,-0.1426545,-0.8426119,-0.2279157,0.170372,0.8164871,1.533157,0.1482878,0.3826785,1.233843,0.3417268,308.5635,178.1595,55.17373,True
0,1.100002,-0.7611692,0.3421386,-0.9145482,-0.8319348,-4.264369,-2.763096,0.6496598,1.345075,0.5153384,-1.393807,0.6990158,-0.05175084,-0.1125275,0.5880299,-0.3968909,1.507161,0.3910487,0.7844349,1.503065,0.3697486,0.2369049,-0.2725786,-0.1372631,-0.8443254,-0.2307744,0.1700639,0.8169241,1.532933,0.1476667,0.3801529,1.237088,0.3431095,308.8698,177.9064,55.92296,True
0,1.111113,-0.7578777,0.3295442,-0.8835871,-0.8250265,-4.2729,-2.749038,0.6490995,1.346714,0.5149412,-1.386278,0.6771377,-0.06991687,-0.1156528,0.5839553,-0.391473,1.497127,0.4017882,0.785464,1.502986,0.3689597,0.2132594,-0.2523806,-0.1594617,-0.8472378,-0.2330125,0.1699488,0.8172724,1.532608,0.1470766,0.3777003,1.240202,0.3442609,309.1759,177.6519,56.59847,True
0,1.122224,-0.7514722,0.3372195,-0.851665,-0.8188794,-4.282648,-2.734241,0.6486905,1.348227,0.5145752,-1.378404,0.7087299,-0.07440148,-0.1112655,0.5637891,-0.3867826,1.488632,0.4106554,0.7862343,1.502939,0.3683584,0.2098781,-0.2428351,-0.1765165,-0.8503761,-0.2356376,0.1696101,0.8177594,1.532403,0.1465318,0.3754555,1.243188,0.3452582,309.4812,177.3759,57.24601,True
0,1.133335,-0.7526097,0.3704101,-0.8220245,-0.813405,-4.29372,-2.718262,0.648173,1.34957,0.5143142,-1.370413,0.719184,-0.05775039,-0.09402061,0.5242921,-0.3828491,1.482715,0.4161509,0.786855,1.502751,0.3678792,0.1981102,-0.2247356,-0.1817691,-0.8529093,-0.2376096,0.1691027,0.8181161,1.532154,0.1460426,0.3733186,1.246032,0.3461267,309.7641,177.0294,57.8717,True
0,1.144446,-0.7441643,0.403599,-0.7987936,-0.8081975,-4.305537,-2.702082,0.6477832,1.350886,0.5140691,-1.362448,0.7166349,-0.05072117,-0.1108514,0.4878965,-0.3795409,1.473435,0.4251726,0.787661,1.502552,0.3672659,0.1854734,-0.1906188,-0.1668173,-0.8545125,-0.2388075,0.1680974,0.8184506,1.532004,0.1456814,0.3711503,1.248741,0.3468946,310.0114,176.6861,58.43759,True
0,1.155557,-0.7347234,0.4635395,-0.7554746,-0.805015,-4.318649,-2.685185,0.64718,1.352014,0.5139112,-1.354101,0.751663,-0.06629933,-0.1339125,0.4303947,-0.3779654,1.46459,0.4346295,0.7881191,1.502391,0.3669367,0.1654443,-0.1500922,-0.1443381,-0.8554105,-0.2390878,0.1670755,0.8187194,1.531802,0.1454146,0.3689304,1.251362,0.3476913,310.2339,176.3787,58.93905,True
0,1.166668,-0.7241654,0.4967563,-0.7247803,-0.8016765,-4.331003,-2.668804,0.6466912,1.353261,0.513736,-1.34629,0.7023662,-0.07303956,-0.1219811,0.3964554,-0.3752793,1.458302,0.4415465,0.7886364,1.502257,0.3665719,0.1453235,-0.1202424,-0.131423,-0.8565456,-0.2394957,0.1663882,0.818968,1.531666,0.1451325,0.366576,1.253974,0.3486299,310.4394,176.1371,59.3905,True
0,1.17778,-0.707172,0.5333253,-0.674948,-0.7999012,-4.343861,-2.652521,0.6459637,1.354285,0.5135243,-1.338393,0.7105642,-0.09385374,-0.1141593,0.3423939,-0.3740202,1.45365,0.4476899,0.7888864,1.502094,0.3663657,0.1241791,-0.09357521,-0.1142322,-0.8572587,-0.2394825,0.1657253,0.8192328,1.531531,0.1449409,0.3640873,1.25666,0.3498231,310.6183,175.9746,59.82817,True
0,1.188891,-0.6837478,0.5603561,-0.6176088,-0.7987704,-4.355692,-2.637408,0.6452806,1.355142,0.5131662,-1.330302,0.7283814,-0.1135945,-0.06476431,0.2843142,-0.3723962,1.454314,0.4492114,0.7889034,1.50193,0.3661916,0.1092056,-0.09252948,-0.1194227,-0.8590601,-0.2407089,0.1658673,0.8194354,1.531287,0.1446583,0.3613902,1.259489,0.3513062,310.6886,175.9214,60.28638,True
0,1.200002,-0.670965,0.5733209,-0.5963964,-0.7967219,-4.368248,-2.621561,0.6446973,1.356162,0.5129147,-1.32267,0.6861074,-0.1275508,-0.04121769,0.2707591,-0.3698145,1.451789,0.4534522,0.7891496,1.501717,0.3659329,0.09538759,-0.0861308,-0.1161094,-0.8603523,-0.2414213,0.1657541,0.8196871,1.531137,0.1444561,0.35856,1.26246,0.3530586,310.7156,175.9633,60.82541,True
0,1.211113,-0.6614493,0.6097895,-0.5593354,-0.7964045,-4.381598,-2.605122,0.6439917,1.356737,0.5126653,-1.315133,0.6779554,-0.1373887,-0.02186554,0.2443562,-0.3678699,1.4502,0.4567779,0.7891967,1.50152,0.3657537,0.06760584,-0.04567232,-0.1255151,-0.8618831,-0.2401098,0.1649551,0.8199488,1.531005,0.1443679,0.3555697,1.265523,0.3549616,310.6409,176.0406,61.48586,True
0,1.222224,-0.6488379,0.6697016,-0.5224012,-0.7972769,-4.396386,-2.58777,0.6434509,1.35717,0.5125504,-1.306961,0.736066,-0.1366675,-0.01314712,0.2113757,-0.3666246,1.448521,0.4598254,0.7891122,1.501264,0.3655827,0.04749291,-0.003024112,-0.1179361,-0.8628844,-0.2388369,0.1640451,0.8202055,1.53086,0.144289,0.3525891,1.268545,0.3569275,310.5229,176.121,62.23749,True
0,1.233335,-0.6309052,0.7371185,-0.4812711,-0.7993488,-4.411822,-2.570523,0.6428137,1.35739,0.5123963,-1.298994,0.7168477,-0.1466095,-0.00546664,0.1774376,-0.3657575,1.447868,0.4623999,0.7889177,1.500985,0.3655722,0.03153656,0.01934558,-0.1093316,-0.8635753,-0.2367626,0.1630185,0.8203498,1.530779,0.1442728,0.3497004,1.271457,0.3589022,310.4725,176.1759,62.93805,True
0,1.244446,-0.618233,0.7821053,-0.4495807,-0.8014618,-4.426851,-2.553576,0.6422672,1.35771,0.5122588,-1.291302,0.6922269,-0.1588353,-0.003029048,0.1307028,-0.3657367,1.447927,0.4645653,0.788609,1.5006,0.3656857,0.0156362,0.03959905,-0.1006931,-0.8641622,-0.2354497,0.1624925,0.8203315,1.530678,0.144253,0.3468588,1.274248,0.3608279,310.3535,176.217,63.55807,True
0,1.255558,-0.602424,0.850616,-0.4020606,-0.8057213,-4.442498,-2.536699,0.6416366,1.357582,0.5121756,-1.284176,0.6406105,-0.1665485,0.009918235,0.1052961,-0.3651508,1.44841,0.4662322,0.7882918,1.500236,0.3658504,0.005001217,0.05451303,-0.09849262,-0.8650357,-0.234003,0.1618267,0.8204592,1.530643,0.1442735,0.3440914,1.276946,0.3627337,310.1551,176.2751,64.0953,True
0,1.266669,-0.5876281,0.9106614,-0.3459675,-0.8108452,-4.457846,-2.520081,0.6411406,1.357302,0.5121555,-1.276649,0.6777208,-0.1539542,0.0260015,0.08501264,-0.3644973,1.450146,0.4659046,0.7880033,1.499878,0.3659756,0.000780791,0.07156657,-0.09422602,-0.8657047,-0.2320347,0.1606834,0.8205637,1.53056,0.1442809,0.3413542,1.279567,0.3646318,309.91,176.3375,64.61616,True
0,1.27778,-0.5749564,0.9577876,-0.3100375,-0.8163164,-4.473514,-2.50333,0.6405418,1.35697,0.5121017,-1.269634,0.6306323,-0.1297431,0.03785138,0.05605798,-0.3644557,1.452801,0.4640225,0.7876757,1.499414,0.3661823,-0.006556198,0.1014221,-0.08143341,-0.8658426,-0.2291148,0.1591148,0.8205782,1.530539,0.1443541,0.3386769,1.282123,0.366546,309.6586,176.4155,65.12367,True
0,1.288891,-0.5518163,1.072271,-0.2393589,-0.8253541,-4.491098,-2.485951,0.6400954,1.355967,0.5121653,-1.262328,0.657951,-0.1285962,0.001073331,-0.02834076,-0.3677911,1.453547,0.4647687,0.7872659,1.498819,0.3666,-0.03092513,0.1216925,-0.06739934,-0.8658522,-0.2264064,0.1585292,0.8206764,1.530592,0.144572,0.3360446,1.284599,0.3685001,309.2927,176.4525,65.68624,True
0,1.300002,-0.534934,1.12898,-0.2066884,-0.8329079,-4.507299,-2.469551,0.6396006,1.355245,0.5122175,-1.255139,0.6469257,-0.1439136,-0.02320011,-0.06134873,-0.3697842,1.452942,0.467552,0.786831,1.498291,0.366935,-0.04470341,0.1249055,-0.05981943,-0.8660855,-0.2244532,0.15815,0.8207382,1.530502,0.144748,0.333493,1.286959,0.3705146,308.8649,176.5001,66.26302,True
0,1.311113,-0.5106631,1.214571,-0.1582144,-0.8431498,-4.524657,-2.453138,0.63908,1.35411,0.5122437,-1.248667,0.5814964,-0.1646028,-0.05809526,-0.0975628,-0.3726577,1.451464,0.471444,0.7863058,1.497567,0.3674209,-0.05331529,0.1408661,-0.06935865,-0.8668174,-0.2215283,0.1571366,0.8207995,1.530468,0.1449745,0.3309425,1.289217,0.3725804,308.4095,176.5631,66.80547,True
0,1.322224,-0.4820309,1.277815,-0.110671,-0.8536097,-4.540976,-2.438095,0.6385524,1.352976,0.5124063,-1.241768,0.6214327,-0.1450152,-0.07483092,-0.1554074,-0.3763973,1.452418,0.4714456,0.7857525,1.496794,0.3679678,-0.0607939,0.1621687,-0.07253379,-0.8674421,-0.2180361,0.1556516,0.8208551,1.530442,0.1453128,0.3284236,1.291384,0.3747838,307.8165,176.6217,67.35833,True
0,1.333336,-0.4725022,1.308931,-0.07783979,-0.8639833,-4.556388,-2.423147,0.637992,1.35176,0.512454,-1.235661,0.5485029,-0.1252739,-0.08311677,-0.2004166,-0.3803308,1.454132,0.4705297,0.7851994,1.496049,0.368443,-0.06937511,0.197311,-0.07891572,-0.8680035,-0.2134072,0.1537398,0.8209093,1.530429,0.1457298,0.3259032,1.293463,0.3771246,307.2527,176.7384,67.88351,True
0,1.344447,-0.4469634,1.342323,-0.03117478,-0.8754066,-4.57081,-2.409939,0.6374517,1.35028,0.5125179,-1.229689,0.5371535,-0.1309246,-0.07652491,-0.2312088,-0.3836321,1.457102,0.4694769,0.7845386,1.495199,0.3689859,-0.08103853,0.2399328,-0.07356659,-0.8680584,-0.2081666,0.1515256,0.8209282,1.530402,0.1460874,0.3233549,1.295478,0.3796223,306.61,176.8817,68.40336,True
0,1.355558,-0.4223819,1.33838,0.00928688,-0.8862478,-4.583595,-2.397985,0.6368659,1.348629,0.5125008,-1.222706,0.6296124,-0.1418064,-0.06358047,-0.2544511,-0.3869711,1.460882,0.4679086,0.7838508,1.49427,0.3696177,-0.08744963,0.2591041,-0.07567533,-0.868427,-0.2034169,0.1496262,0.82099,1.530378,0.1464341,0.3208354,1.297388,0.3822991,305.9218,177.0246,68.97388,True
0,1.366669,-0.4020368,1.322628,0.03598499,-0.8966757,-4.595555,-2.386823,0.6362857,1.347111,0.5124767,-1.2174,0.4756741,-0.1450596,-0.04221109,-0.2628074,-0.3895251,1.465195,0.4657102,0.7831309,1.493277,0.3702126,-0.09719099,0.2612055,-0.09156572,-0.8695428,-0.1994341,0.1485096,0.8209484,1.530427,0.1468143,0.3183386,1.299158,0.3850594,305.2264,177.2467,69.55188,True
0,1.37778,-0.3762745,1.284572,0.07131225,-0.9070508,-4.605758,-2.377256,0.6355662,1.345235,0.512728,-1.211595,0.5229535,-0.1333473,-0.02623315,-0.2660327,-0.3921457,1.469416,0.4628891,0.7824414,1.492193,0.3708842,-0.1090696,0.2473231,-0.1084723,-0.8709794,-0.1961897,0.1480244,0.8210224,1.530363,0.1470253,0.315967,1.300698,0.3878219,304.4814,177.4218,70.22199,True
0,1.388891,-0.35581,1.243361,0.1173238,-0.9176662,-4.614358,-2.368848,0.6347632,1.3431,0.5127299,-1.205967,0.5062868,-0.1164707,-0.004842609,-0.2852686,-0.395309,1.475455,0.457979,0.781685,1.490855,0.3717752,-0.1102699,0.2334442,-0.1222747,-0.8723089,-0.1931885,0.1474089,0.820925,1.530137,0.1471853,0.313747,1.301885,0.390458,303.7574,177.5905,70.8836,True
0,1.400002,-0.3258716,1.227719,0.1567912,-0.9290965,-4.623492,-2.360655,0.634143,1.340785,0.5128562,-1.200805,0.4639876,-0.08306582,-0.04503965,-0.3423384,-0.4014236,1.477535,0.4557617,0.7809356,1.489553,0.372535,-0.1048218,0.222816,-0.1095222,-0.8727626,-0.1903201,0.1464976,0.8209308,1.530023,0.1474593,0.3116802,1.302667,0.3928786,303.1105,177.7529,71.41565,True
0,1.411114,-0.282154,1.237733,0.2035373,-0.9416416,-4.632503,-2.353665,0.6334071,1.338438,0.5127468,-1.195593,0.4693117,-0.0493552,-0.1823197,-0.5523561,-0.4168374,1.476726,0.4558847,0.7799795,1.488341,0.3735383,-0.1108719,0.2154291,-0.07323249,-0.8720015,-0.1877309,0.1462523,0.820909,1.529999,0.1479933,0.3097458,1.302967,0.3950456,302.46,177.8091,71.92271,True
0,1.422225,-0.2491058,1.246568,0.2354041,-0.9542612,-4.64175,-2.346559,0.6329355,1.336154,0.5126145,-1.190977,0.4148387,-0.07314332,-0.1991377,-0.5820329,-0.4245968,1.47877,0.4557593,0.7790732,1.487277,0.3743672,-0.1350871,0.2751384,-0.04329834,-0.8707972,-0.1813651,0.1444704,0.820961,1.530002,0.1484954,0.3079043,1.302731,0.3968849,301.7857,177.9189,72.29726,True
0,1.433336,-0.1925554,1.240618,0.2768942,-0.9671259,-4.649404,-2.342075,0.6323455,1.333838,0.512295,-1.187224,0.336482,-0.0992271,-0.1034215,-0.5470757,-0.4278161,1.488592,0.4488332,0.778075,1.486197,0.3751822,-0.1446323,0.3209552,-0.03903908,-0.8703093,-0.174613,0.1420738,0.8209845,1.530024,0.1489787,0.3061759,1.302009,0.3984456,301.114,178.1886,72.368,True
0,1.444447,-0.1476203,1.206913,0.3153592,-0.9791367,-4.655704,-2.338381,0.6317731,1.331424,0.5120132,-1.182714,0.4067615,-0.0892889,-0.04818451,-0.5234064,-0.4315967,1.496603,0.4421649,0.7771636,1.4851,0.3759251,-0.1309448,0.3145205,-0.05620259,-0.8711402,-0.1705098,0.1403675,0.821058,1.530036,0.1494315,0.3044916,1.300936,0.3997966,300.4373,178.6529,72.142,True
0,1.455558,-0.1229852,1.181581,0.3410321,-0.9912999,-4.661879,-2.334504,0.6311378,1.328989,0.5117269,-1.180055,0.236889,-0.07054587,0.03460342,-0.4783596,-0.4336958,1.507394,0.4324683,0.7762465,1.483937,0.3765819,-0.1322316,0.2974286,-0.07959367,-0.872427,-0.1666385,0.1394061,0.8211274,1.530027,0.1497529,0.3029057,1.299681,0.4010435,299.7829,179.3215,71.68763,True
0,1.466669,-0.09404805,1.152073,0.3773736,-1.003673,-4.667034,-2.331636,0.6304467,1.326253,0.5115619,-1.176222,0.3461304,-0.06709149,0.07603458,-0.4610994,-0.4371164,1.516294,0.4250714,0.7752895,1.482625,0.377419,-0.132432,0.2632939,-0.100821,-0.8738865,-0.1641678,0.1393302,0.8210324,1.529958,0.1499884,0.3014265,1.298315,0.4022231,299.1115,179.9004,71.37074,True
0,1.47778,-0.06413794,1.14275,0.40508,-1.016243,-4.67241,-2.32913,0.6297976,1.323565,0.5112021,-1.172273,0.3558401,-0.06397967,0.08673978,-0.4706564,-0.4415308,1.524526,0.4182122,0.7744236,1.481362,0.3780382,-0.120566,0.2430866,-0.08491378,-0.8739685,-0.1614399,0.1385081,0.8209789,1.529927,0.1502211,0.3000511,1.296826,0.4033414,298.4467,180.3644,71.19387,True
0,1.488891,-0.04701805,1.132294,0.4264284,-1.028977,-4.677709,-2.326442,0.6291624,1.32086,0.5109732,-1.169403,0.2575888,-0.06750868,0.06986475,-0.4984205,-0.4476449,1.530459,0.4138667,0.7734715,1.480142,0.3788817,-0.1075551,0.2388769,-0.06051853,-0.8732873,-0.1581992,0.1372276,0.8208337,1.529743,0.150789,0.298689,1.295262,0.4043888,297.7765,180.7876,71.03555,True
0,1.500003,-0.01068626,1.116613,0.4552214,-1.041716,-4.68204,-2.325521,0.6286162,1.318182,0.510572,-1.167,0.2158484,-0.05960909,0.04354131,-0.5519345,-0.4553483,1.536801,0.4085366,0.7725892,1.478981,0.3795266,-0.1007408,0.2549452,-0.01586794,-0.8713527,-0.1540235,0.1354257,0.8206815,1.529719,0.1512973,0.2973503,1.293618,0.4053735,297.0645,181.1601,70.91875,True
0,1.511114,0.03106327,1.073251,0.4841663,-1.05352,-4.684791,-2.32608,0.6280754,1.315788,0.5097568,-1.164241,0.2489476,-0.05187884,0.0109061,-0.6193435,-0.4644132,1.542779,0.403601,0.7717593,1.477942,0.3802228,-0.1004907,0.2816321,0.01071227,-0.8697336,-0.1489692,0.1333397,0.8206025,1.529705,0.1520903,0.2960333,1.291919,0.4063027,296.3486,181.5998,70.72449,True
0,1.522225,0.08460846,1.005404,0.5089765,-1.06443,-4.686396,-2.328069,0.6275894,1.313574,0.5088694,-1.163252,0.08716241,-0.05553257,0.002647996,-0.6609001,-0.4724661,1.550116,0.3977753,0.7707965,1.477243,0.3808608,-0.09721339,0.3263877,0.0180521,-0.8686539,-0.1424101,0.12997,0.8204989,1.529782,0.1528013,0.2947667,1.290217,0.4071971,295.6343,182.162,70.40469,True
0,1.533336,0.1350477,0.9098005,0.5254225,-1.073829,-4.686472,-2.33138,0.6270646,1.311502,0.5077157,-1.162201,0.09449396,-0.07213385,0.03122064,-0.624325,-0.4772619,1.557693,0.3924128,0.7700161,1.476659,0.3813443,-0.09309156,0.3476633,0.003055656,-0.8685426,-0.1362368,0.126882,0.8204678,1.529817,0.1533856,0.293645,1.288512,0.408002,294.8951,182.812,70.09216,True
0,1.544447,0.1695606,0.8056643,0.548328,-1.082559,-4.685389,-2.334937,0.6266093,1.309259,0.5067477,-1.161619,0.0517698,-0.08620039,0.07875806,-0.5535716,-0.479639,1.56578,0.3866345,0.7692894,1.476062,0.3817077,-0.09237879,0.336932,-0.03314698,-0.8697703,-0.1318751,0.125168,0.820528,1.529872,0.1537075,0.2926946,1.286761,0.4085434,294.1864,183.5702,69.77075,True
0,1.555558,0.1825643,0.7471569,0.5550345,-1.091404,-4.685038,-2.337608,0.6261292,1.307156,0.5057135,-1.161141,0.04268242,-0.08664133,0.11893,-0.5021847,-0.4820471,-4.708913,0.3800637,0.7686104,1.475411,0.3820145,-0.0872956,0.2974643,-0.05868378,-0.8711163,-0.129201,0.1242466,0.8205109,1.529896,0.1539021,0.2919548,1.28489,0.4086674,293.55,184.2816,69.46942,True
0,1.566669,0.1966985,0.6769996,0.571396,-1.100004,-4.683685,-2.3409,0.6257563,1.305019,0.5048118,-1.160126,0.09225207,-0.07001784,0.1857263,-0.4540205,-0.4836524,-4.697271,0.3697341,0.7679697,1.474758,0.3823223,-0.07120243,0.2431642,-0.0470043,-0.8709863,-0.1279395,0.1235869,0.8203589,1.529817,0.1542156,0.2914242,1.282792,0.4082421,293.0049,184.7986,69.23481,True
0,1.577781,0.2118665,0.6154041,0.5951605,-1.108526,-4.681586,-2.344672,0.6253462,1.303181,0.5036285,-1.159196,0.0843093,-0.06740087,0.2462278,-0.4185233,-0.4851608,-4.68509,0.3595971,0.7674289,1.474372,0.3824594,-0.07075144,0.2049086,0.001010232,-0.8692062,-0.1270016,0.1237017,0.8201631,1.529889,0.1544774,0.291075,1.280401,0.4072487,292.5294,185.2123,68.85638,True
0,1.588892,0.2249946,0.5271225,0.6127023,-1.115737,-4.677857,-2.34933,0.6249092,1.301417,0.5024674,-1.159355,-0.01498628,-0.07747993,0.2661808,-0.3682184,-0.4860652,-4.676295,0.3530558,0.7669349,1.473894,0.3826141,-0.07786865,0.2060508,0.03623322,-0.8672882,-0.1240707,0.1228402,0.8200778,1.52999,0.1549165,0.2907739,1.277825,0.4057694,292.1158,185.7939,68.07533,True
0,1.600003,0.2231728,0.4462099,0.6227567,-1.122393,-4.673925,-2.353497,0.6245035,1.299633,0.5013444,-1.159943,-0.05304643,-0.08248046,0.2670759,-0.3383292,-0.4876424,-4.668413,0.3471625,0.7663459,1.473409,0.3827977,-0.07024975,0.213545,0.05319379,-0.8657814,-0.1206853,0.1211477,0.8199995,1.53012,0.1552939,0.290562,1.27517,0.4039329,291.7322,186.5553,67.01102,True
0,1.611114,0.2034381,0.3130492,0.635267,-1.126668,-4.667035,-2.358141,0.6240798,1.297869,0.5002036,-1.160829,-0.07987309,-0.07158542,0.2594671,-0.3150526,-0.4892536,-4.661148,0.3410788,0.7657944,1.47276,0.3829961,-0.0544697,0.2039137,0.03175903,-0.8659955,-0.1181187,0.1194798,0.8199829,1.530107,0.1555128,0.2904035,1.272567,0.4017827,291.3756,187.4679,65.82505,True
0,1.622225,0.1803474,0.2181478,0.6347922,-1.131316,-4.661119,-2.361961,0.6237354,1.296034,0.4990888,-1.16121,-0.03327598,-0.04498598,0.24452,-0.3175638,-0.4920856,-4.654259,0.3343276,0.7653316,1.472021,0.3832059,-0.04717301,0.1921595,0.01466958,-0.866256,-0.1158784,0.118295,0.819977,1.530097,0.1556945,0.2903654,1.270036,0.399349,291.0791,188.1752,64.84792,True
0,1.633336,0.1571087,0.1648169,0.6383291,-1.136311,-4.655495,-2.365297,0.6234893,1.294279,0.4979694,-1.161486,-0.02410979,-0.01119667,0.225434,-0.3425465,-0.4958881,-4.647449,0.3272713,0.7649298,1.471321,0.3833945,-0.03778043,0.1729384,-0.005625263,-0.866974,-0.1141938,0.1173722,0.8199536,1.530009,0.155704,0.2904804,1.267577,0.3966713,290.82,188.6029,64.13324,True
0,1.644447,0.1486624,0.1445752,0.6405807,-1.142183,-4.6511,-2.368535,0.623291,1.292511,0.4970047,-1.16233,-0.07588667,0.01726526,0.2020956,-0.3675023,-0.5001635,-4.641357,0.3207306,0.7644672,1.470716,0.3836722,-0.03336553,0.161255,0.01033936,-0.8660222,-0.1124127,0.1164081,0.8198729,1.529946,0.1559055,0.2907908,1.265138,0.3936922,290.6262,188.8069,63.62455,True
0,1.655559,0.1402008,0.1275007,0.6406922,-1.147899,-4.646248,-2.371804,0.6232243,1.290791,0.4959614,-1.163383,-0.09461449,0.04758424,0.1767721,-0.4169889,-0.5060192,-4.635194,0.3136724,0.7641243,1.470033,0.3838248,-0.02673364,0.1570446,0.03585369,-0.8645548,-0.1105179,0.1152605,0.8197873,1.529948,0.1560075,0.2912422,1.262761,0.390461,290.4514,188.98,63.019,True
0,1.66667,0.1253594,0.1072159,0.6419011,-1.15354,-4.641242,-2.374722,0.6231669,1.289172,0.4949405,-1.165278,-0.1714435,0.05044343,0.1375071,-0.4428257,-0.5114313,-4.631135,0.3094521,0.7638171,1.469484,0.3839705,-0.02232528,0.154952,0.05073339,-0.863317,-0.1083341,0.1138725,0.8197033,1.53,0.156199,0.291779,1.260544,0.387109,290.2676,189.2097,62.23148,True
0,1.677781,0.1136595,0.09860936,0.634512,-1.158974,-4.636684,-2.377398,0.6231479,1.28743,0.493911,-1.166669,-0.1247613,0.03670864,0.1300015,-0.4310045,-0.515205,-4.626115,0.3052044,0.763454,1.468912,0.3840299,-0.008425996,0.1357838,0.05597022,-0.8624104,-0.1073289,0.1128022,0.8196608,1.529975,0.1562326,0.2923717,1.258561,0.3838503,290.0387,189.3382,61.49958,True
0,1.688892,0.09548894,0.1123496,0.6259425,-1.165092,-4.633069,-2.379229,0.6233729,1.28577,0.4928243,-1.167723,-0.09428795,0.0348129,0.1309348,-0.4086013,-0.5182554,-4.620918,0.30042,0.763231,1.468408,0.3840818,-0.002129346,0.1229809,0.04528445,-0.8621808,-0.1060758,0.1116964,0.8196249,1.529916,0.1562068,0.2930349,1.256812,0.3808016,289.7661,189.3979,60.95066,True
0,1.700003,0.08357091,0.1665955,0.6160624,-1.172571,-4.631099,-2.380598,0.6236026,1.283934,0.4917572,-1.169073,-0.1217392,0.04604524,0.1455288,-0.3574887,-0.5196238,-4.615221,0.2944378,0.7630761,1.46785,0.3841002,0.004130743,0.1048422,0.03141084,-0.8622708,-0.1053096,0.1109436,0.8196595,1.529858,0.1561389,0.2937154,1.255282,0.3779856,289.4731,189.3862,60.6083,True
0,1.711114,0.0757772,0.2549072,0.601719,-1.181084,-4.630933,-2.381213,0.6240961,1.282064,0.490648,-1.170019,-0.08461308,0.07311502,0.1601635,-0.319337,-0.5209931,-4.609468,0.2876856,0.7631482,1.467345,0.3840265,0.00938201,0.1026933,0.02284335,-0.8621824,-0.103885,0.1096658,0.8196427,1.529739,0.156142,0.294416,1.253917,0.3754144,289.1574,189.3039,60.42754,True
0,1.722225,0.07767937,0.3188278,0.5992212,-1.189929,-4.630374,-2.382375,0.6245348,1.280202,0.4895928,-1.171523,-0.1359866,0.09017143,0.142,-0.3153729,-0.5242113,-4.605557,0.2827406,0.7631145,1.466905,0.3840294,0.01153012,0.1026988,0.02496063,-0.8615491,-0.1023676,0.1085291,0.8196435,1.529675,0.1562366,0.2951376,1.25272,0.3731076,288.7984,189.3588,60.15366,True
0,1.733337,0.0858677,0.4050473,0.5816679,-1.199405,-4.631949,-2.383001,0.6252335,1.278437,0.4884949,-1.17279,-0.113847,0.09858514,0.08232967,-0.3158253,-0.5279467,-4.605786,0.2815481,0.7632592,1.466474,0.3840256,0.01254492,0.09949215,0.01963077,-0.8613856,-0.1010675,0.1075169,0.819731,1.529645,0.1561959,0.2958147,1.251705,0.3711273,288.3594,189.4597,59.85881,True
0,1.744448,0.09315576,0.4508582,0.5749999,-1.208499,-4.632445,-2.384149,0.6257864,1.276721,0.4875956,-1.17441,-0.146445,0.1035799,-0.00306173,-0.2994823,-0.5314913,-4.607263,0.2816386,0.7632762,1.466048,0.3839648,0.01346799,0.08454745,0.003667509,-0.8619012,-0.1003483,0.1067403,0.8197939,1.529542,0.1560991,0.2964672,1.250879,0.3695487,287.8513,189.6438,59.56295,True
0,1.755559,0.1056652,0.5189353,0.5490211,-1.217827,-4.634939,-2.384904,0.6265532,1.275144,0.4866426,-1.175882,-0.1324304,0.1072959,-0.03509256,-0.2793462,-0.5342535,-4.611306,0.2837532,0.7634962,1.46562,0.3838811,0.01551688,0.07068127,-0.004846726,-0.8622101,-0.0998788,0.1061805,0.8198854,1.529477,0.1559699,0.2970943,1.2502,0.3683563,287.2993,189.874,59.33687,True
0,1.76667,0.1130337,0.5391403,0.5371739,-1.226448,-4.63604,-2.386026,0.627165,1.273485,0.4857221,-1.177149,-0.1141826,0.1374404,-0.05665274,-0.2467687,-0.5360235,-4.612842,0.2824738,0.7636595,1.465176,0.3838067,0.01644447,0.04933935,-0.0186621,-0.86291,-0.1001598,0.1062207,0.8200134,1.529295,0.1555805,0.2977149,1.249642,0.3675589,286.739,190.1691,59.12556,True
0,1.777781,0.1225265,0.5528401,0.5051204,-1.234259,-4.63786,-2.387143,0.6278262,1.271994,0.4848483,-1.178578,-0.1288521,0.1735939,-0.04600964,-0.2556175,-0.5391521,-4.611171,0.2777403,0.7638323,1.464727,0.3836632,0.01214273,0.03761303,-0.02286255,-0.863343,-0.1000251,0.1061438,0.8200609,1.529237,0.1553783,0.2982992,1.249152,0.36709,286.1797,190.5176,58.92815,True
0,1.788892,0.1299989,0.5377818,0.476427,-1.24094,-4.638924,-2.388561,0.628437,1.270565,0.4839609,-1.179592,-0.09095405,0.1754386,-0.04691377,-0.2822754,-0.5431687,-4.609908,0.2746358,0.7639102,1.464367,0.3835888,0.009076162,0.04403614,-0.00899229,-0.8627843,-0.09908211,0.1055536,0.8201478,1.529168,0.1553259,0.2988501,1.248703,0.3669151,285.6295,190.9252,58.73321,True
0,1.800003,0.1364291,0.5185077,0.455221,-1.24753,-4.639671,-2.390091,0.6291392,1.269165,0.483119,-1.180956,-0.1230835,0.1582793,-0.06068415,-0.2906983,-0.5468737,-4.610342,0.2739397,0.7640487,1.463976,0.3834844,0.01019254,0.04724076,-0.003684659,-0.8626155,-0.09829315,0.1048753,0.8202854,1.529115,0.1551714,0.2993454,1.248226,0.366898,285.0908,191.3304,58.62107,True
0,1.811115,0.1460667,0.4852679,0.4106479,-1.252615,-4.640787,-2.391694,0.6299581,1.267948,0.4823682,-1.182204,-0.1122276,0.1319526,-0.0640096,-0.2616664,-0.5488977,-4.611086,0.2740686,0.7641415,1.46375,0.3834188,0.006905509,0.03656895,-0.01322042,-0.8630272,-0.09820473,0.1048614,0.8204351,1.529009,0.155004,0.2998089,1.24767,0.3669281,284.6224,191.7663,58.48834,True
0,1.822226,0.1492317,0.4851454,0.3850594,-1.258834,-4.642687,-2.392895,0.6307279,1.266584,0.4817474,-1.183443,-0.1114637,0.1323023,-0.04394963,-0.2317255,-0.5503875,-4.609763,0.2714704,0.764268,1.463336,0.3833675,0.001428867,0.03653513,-0.02915216,-0.8638879,-0.09758861,0.104617,0.8206251,1.52886,0.1547379,0.3002973,1.246985,0.3668851,284.2189,192.27,58.26896,True
0,1.833337,0.1586953,0.500918,0.3434054,-1.264726,-4.645726,-2.394063,0.6315093,1.265348,0.4812281,-1.18491,-0.1322083,0.1367279,-0.003528282,-0.2230049,-0.5520323,-4.606146,0.266681,0.7643346,1.46287,0.3831046,-0.002922611,0.03438577,-0.03869498,-0.864623,-0.09707741,0.1044684,0.8207669,1.528779,0.154532,0.3009031,1.246151,0.3666844,283.8702,192.9255,57.82619,True
0,1.844448,0.1618283,0.4996345,0.3039982,-1.270095,-4.648402,-2.395118,0.632247,1.264128,0.4809072,-1.186103,-0.1070931,0.107401,0.009645488,-0.2780129,-0.5568547,-4.602542,0.263311,0.7642257,1.462365,0.3829045,0.002463372,0.03865025,-0.03342656,-0.8648354,-0.09638126,0.1037831,0.8207909,1.528697,0.1544249,0.301638,1.245194,0.366331,283.6254,193.5582,57.25668,True
0,1.855559,0.1586681,0.473841,0.2668657,-1.274351,-4.65049,-2.396189,0.6327786,1.263047,0.480617,-1.187782,-0.151672,0.05831457,-0.008342534,-0.2829237,-0.5602487,-4.602182,0.2639483,0.76408,1.462027,0.3828034,0.007873967,0.04506253,-0.02390061,-0.864542,-0.09548045,0.1028912,0.8208792,1.528597,0.1542473,0.3023692,1.244208,0.3659312,283.3832,194.2547,56.47097,True
0,1.86667,0.1544625,0.4448816,0.2340022,-1.278195,-4.652577,-2.397177,0.6333482,1.261911,0.4802628,-1.189018,-0.1107141,0.05764591,-0.007489029,-0.2466893,-0.561649,-4.601461,0.2626095,0.7640165,1.461645,0.3827209,0.01549645,0.04509436,-0.006927073,-0.8639913,-0.09493423,0.1020238,0.8209121,1.52855,0.1540558,0.3030221,1.243277,0.3656595,283.1627,194.8827,55.69035,True
0,1.877781,0.1512565,0.4372741,0.2084785,-1.282545,-4.655152,-2.398048,0.6340078,1.260866,0.4799993,-1.190313,-0.1163769,0.0932792,0.0252244,-0.2074579,-0.5622562,-4.598589,0.2578478,0.764068,1.461154,0.3826985,0.01652994,0.04721978,-0.01013839,-0.8641745,-0.09411305,0.1012861,0.8210491,1.528441,0.1538825,0.303556,1.24245,0.3656325,282.9586,195.4033,55.0802,True
0,1.888893,0.1564628,0.4508879,0.164713,-1.28644,-4.659125,-2.398813,0.6346858,1.259882,0.4797304,-1.191742,-0.1287126,0.1198781,0.04545696,-0.2140129,-0.5644287,-4.595154,0.252653,0.7640772,1.460732,0.3826659,0.01315405,0.04931037,-0.0292867,-0.8650874,-0.09318946,0.1006571,0.821147,1.528358,0.1537678,0.303929,1.24175,0.3658488,282.7683,195.8248,54.71409,True
0,1.900004,0.1701281,0.4837452,0.1272223,-1.291009,-4.66384,-2.399753,0.6354708,1.259009,0.4794328,-1.193328,-0.1427777,0.1186285,0.03276541,-0.2289912,-0.5674749,-4.594007,0.250522,0.764143,1.460334,0.3826561,0.009887414,0.03757728,-0.03668994,-0.8657276,-0.09309345,0.100598,0.8212548,1.528302,0.1536229,0.3042518,1.241157,0.3662771,282.5637,196.2507,54.45082,True
0,1.911115,0.1891243,0.5166138,0.08864944,-1.295436,-4.669278,-2.400989,0.6361495,1.25819,0.4792016,-1.19523,-0.1715251,0.1110455,-0.03006999,-0.2303583,-0.5706936,-4.597214,0.2523409,0.7644062,1.460036,0.3826759,0.006669059,0.02798606,-0.03877167,-0.8662038,-0.09305418,0.1006387,0.8213519,1.528322,0.1535194,0.3045938,1.240689,0.3669093,282.3407,196.7829,54.10411,True
0,1.922226,0.1996605,0.5345473,0.05230051,-1.299359,-4.674551,-2.402129,0.6368091,1.257352,0.4789577,-1.19728,-0.1848866,0.1111113,-0.0684951,-0.2178025,-0.5730297,-4.59982,0.2533071,0.7646188,1.459678,0.3825932,0.01089146,0.01519742,-0.04304449,-0.8667763,-0.09319892,0.1004057,0.8215297,1.52827,0.1533618,0.3049427,1.240368,0.3677849,282.1326,197.2759,53.79165,True
0,1.933337,0.2028046,0.5386901,0.02989972,-1.303228,-4.679567,-2.403162,0.6374389,1.256582,0.4787481,-1.199476,-0.1980219,0.1242095,-0.1156156,-0.1809406,-0.5745386,-4.604742,0.2556019,0.7648772,1.459403,0.3825428,0.01295099,0.007725159,-0.05050634,-0.8676233,-0.09328175,0.1002419,0.8216485,1.528236,0.1531749,0.305286,1.240217,0.3689519,281.8967,197.7677,53.50706,True
0,1.944448,0.2017425,0.5257363,0.0001426637,-1.306236,-4.684421,-2.404121,0.6380641,1.256016,0.4787164,-1.20108,-0.1438487,0.1330396,-0.1413981,-0.1481668,-0.5757205,-4.608541,0.2570241,0.7650781,1.459183,0.382426,0.01723533,-0.001856728,-0.04839475,-0.8680733,-0.09357509,0.1000542,0.8217605,1.528122,0.1530206,0.3055519,1.240209,0.3704309,281.6259,197.9994,53.55604,True
0,1.955559,0.1964826,0.493588,-0.02949254,-1.308357,-4.688741,-2.40503,0.6385837,1.255456,0.4786496,-1.202644,-0.1405241,0.1353215,-0.1532149,-0.1322831,-0.5772364,-4.611593,0.2579666,0.765159,1.459023,0.3823545,0.01940564,-0.005044326,-0.04414742,-0.8684398,-0.09374513,0.0998744,0.8218653,1.528082,0.1528156,0.3057468,1.240265,0.3721663,281.3336,198.1097,53.83804,True
0,1.966671,0.1891227,0.4550779,-0.05162975,-1.310011,-4.692564,-2.405915,0.6390357,1.254972,0.4785798,-1.204346,-0.1531296,0.1247622,-0.1521805,-0.1236428,-0.5788023,-4.613946,0.2588747,0.7652047,1.458688,0.382288,0.02167001,-0.0007501878,-0.03032529,-0.8682454,-0.09347229,0.09933777,0.8218796,1.52799,0.1526489,0.3058954,1.240337,0.3740499,281.0563,198.3854,54.01824,True
0,1.977782,0.1838922,0.4230277,-0.06421974,-1.311705,-4.69618,-2.406916,0.6395153,1.254527,0.4785211,-1.206048,-0.1529843,0.1195065,-0.1340836,-0.1202814,-0.5802687,-4.614975,0.2585458,0.7653064,1.458477,0.3822105,0.03023066,0.003520709,-0.02615299,-0.8684057,-0.09317268,0.09856093,0.8219987,1.527895,0.1524577,0.3060294,1.240402,0.3759753,280.8481,198.7509,54.11492,True
0,1.988893,0.185116,0.3675421,-0.08094259,-1.312118,-4.698905,-2.408229,0.6399454,1.25433,0.4785132,-1.207827,-0.1600147,0.09946084,-0.1053603,-0.1071093,-0.5810469,-4.61488,0.2579775,0.7653078,1.458328,0.3821192,0.0291653,0.002455542,-0.02614083,-0.8686869,-0.09315218,0.09826319,0.8220992,1.527863,0.1522958,0.3061392,1.240446,0.3778112,280.6923,199.0643,54.25986,True
0,2.000004,0.1799596,0.3152694,-0.09022128,-1.312439,-4.701267,-2.409496,0.6402441,1.254105,0.4785385,-1.209862,-0.1834407,0.08485443,-0.08738153,-0.08127658,-0.5812743,-4.61569,0.2581437,0.7653725,1.458193,0.3820279,0.03014971,-0.003953613,-0.03466075,-0.8694395,-0.09345338,0.09811405,0.822181,1.527878,0.1521223,0.3062478,1.240466,0.3794403,280.5649,199.4066,54.32848,True
0,2.011115,0.1758785,0.2608885,-0.09629075,-1.312203,-4.702972,-2.410871,0.6405933,1.253895,0.4785576,-1.211952,-0.1881615,0.07666769,-0.08542345,-0.05028094,-0.5810682,-4.61745,0.2590584,0.7654182,1.458133,0.3819134,0.02896965,-0.01356562,-0.04634747,-0.8703802,-0.09396631,0.098248,0.8222826,1.527831,0.1519399,0.3064125,1.240467,0.3807889,280.4634,199.782,54.28589,True
0,2.022226,0.1631941,0.2320394,-0.1024947,-1.312403,-4.70526,-2.411803,0.6409358,1.253611,0.4787297,-1.213816,-0.1674537,0.08039235,-0.07506453,-0.003382161,-0.5799236,-4.61921,0.2593706,0.765442,1.45804,0.3818803,0.02685135,-0.01462069,-0.04525387,-0.8707365,-0.09399734,0.09799394,0.8222823,1.527861,0.1518538,0.3066325,1.240456,0.3818003,280.4364,199.9704,54.32866,True
0,2.033337,0.1536301,0.2256093,-0.1035079,-1.313104,-4.707938,-2.41261,0.6412231,1.253301,0.478806,-1.21572,-0.1713686,0.07849599,-0.05813551,0.01591855,-0.5792626,-4.619883,0.2591474,0.7654251,1.457918,0.381757,0.02792608,-0.01994516,-0.04418798,-0.871243,-0.09445354,0.09795319,0.8223145,1.527857,0.1516662,0.3068727,1.240437,0.382473,280.4349,199.9053,54.51476,True
0,2.044448,0.148289,0.2330806,-0.09715828,-1.314274,-4.710755,-2.413388,0.6415154,1.252907,0.4788842,-1.217379,-0.1489532,0.07112473,-0.04430515,0.0214052,-0.5789877,-4.620147,0.2587727,0.7654375,1.457817,0.3816912,0.02263233,-0.03271737,-0.04091643,-0.8716595,-0.09534036,0.09840034,0.8223225,1.527879,0.1515026,0.3071769,1.24039,0.3828505,280.4536,199.5883,54.83642,True
0,2.055559,0.1418766,0.2437138,-0.09509093,-1.315386,1.569339,-2.414151,0.6417081,1.252505,0.4788973,-1.219263,-0.1697565,0.06363348,-0.03681379,0.01727046,-0.5789781,-4.620581,0.2587075,0.7654144,1.457617,0.3816462,0.02174745,-0.03374396,-0.02172985,-0.8713261,-0.09591774,0.09856199,0.8222753,1.527893,0.1513588,0.3074812,1.24034,0.3830732,280.4701,199.2173,55.09159,True
0,2.06667,0.1375775,0.2575848,-0.08877287,-1.316998,1.566246,-2.414744,0.6418867,1.252129,0.4788923,-1.221173,-0.1719048,0.0613556,-0.03779221,0.003433994,-0.5795635,-4.621249,0.2585972,0.7653203,1.457395,0.381633,0.02185052,-0.01880832,-0.01110833,-0.8711045,-0.09553105,0.09804534,0.8222826,1.527868,0.1512415,0.3077192,1.240324,0.3832931,280.455,198.907,55.26776,True
0,2.077781,0.1375757,0.2607886,-0.08772764,-1.318284,1.563258,-2.415619,0.6420205,1.251834,0.4788609,-1.223084,-0.1720748,0.04805297,-0.03427902,-0.04541203,-0.5816232,-4.620835,0.2581117,0.7651849,1.457203,0.3814917,0.02087704,-0.00493996,-0.001538991,-0.8708148,-0.09502332,0.09752043,0.8221769,1.527861,0.151211,0.3078785,1.240348,0.3836356,280.4026,198.6074,55.49094,True
0,2.088892,0.1471963,0.2501851,-0.08447547,-1.319316,1.560952,-2.416903,0.6421081,1.251625,0.4787228,-1.22473,-0.1478821,0.03057196,-0.03182448,-0.08783264,-0.5834336,-4.620486,0.2577623,0.7650796,1.45702,0.3814056,0.02089936,0.006783924,0.000568443,-0.8707061,-0.09441106,0.09688766,0.822193,1.527962,0.1511698,0.3079247,1.240411,0.3841755,280.3316,198.3511,55.76055,True
0,2.100003,0.1472847,0.2256733,-0.08539654,-1.319662,1.559016,-2.418087,0.642242,1.251441,0.4787154,-1.22675,-0.1822908,0.01329364,-0.03277358,-0.1078916,-0.585668,-4.620138,0.2580755,0.7650263,1.456846,0.3813679,0.01663027,0.02702317,-0.0004987221,-0.8706523,-0.09309213,0.0960256,0.8221889,1.527972,0.1511712,0.30788,1.240521,0.3849364,280.2366,198.3452,55.87904,True
0,2.111114,0.1409838,0.2000908,-0.08417191,-1.319859,1.557411,-2.419014,0.6423085,1.251239,0.4786339,-1.228765,-0.1814623,-0.003753824,-0.02847638,-0.1087481,-0.5868962,-4.619838,0.2584582,0.7648818,1.4567,0.3813148,0.008010394,0.03659212,-0.01108685,-0.8710582,-0.09208892,0.0955726,0.8222124,1.527981,0.1510048,0.3077867,1.240667,0.3858773,280.137,198.4641,55.98196,True
0,2.122225,0.1304961,0.1585541,-0.07431825,-1.31968,1.556982,-2.420041,0.6422187,1.251124,0.4785717,-1.230305,-0.1381385,-0.006542475,-0.00630933,-0.07449595,-0.5863503,-4.618964,0.2578134,0.7646952,1.456634,0.3812451,0.003735808,0.03659494,-0.01210646,-0.8710848,-0.09154949,0.09535315,0.8221419,1.527926,0.1509962,0.3077154,1.240809,0.3868904,280.0423,198.5591,56.18558,True
0,2.133336,0.1189723,0.1042031,-0.07078734,-1.318681,1.557138,-2.420981,0.6421303,1.25097,0.4784884,-1.231623,-0.1182885,-0.006174585,0.02014189,-0.04450908,-0.5855184,-4.61723,0.2564187,0.7645175,1.456495,0.3811476,0.01127312,0.03980696,-0.003661082,-0.8708036,-0.09087438,0.09455287,0.822077,1.527936,0.1509631,0.307712,1.240903,0.387872,279.9754,198.5406,56.49746,True
0,2.144447,0.1096003,0.04777696,-0.05764972,-1.317688,1.558184,-2.422153,0.6420224,1.25089,0.4784391,-1.233062,-0.1294137,-0.01249899,0.02864103,-0.03906338,-0.5857271,-4.61615,0.255954,0.7642857,1.45642,0.3811307,0.01245881,0.03983134,0.00911257,-0.8702225,-0.09041951,0.09405779,0.8219953,1.528014,0.1509762,0.3077053,1.240951,0.3887036,279.9186,198.5719,56.73901,True
0,2.155558,0.09913456,0.0009367839,-0.04564261,-1.316649,1.55918,-2.423234,0.6419171,1.250739,0.4783428,-1.234452,-0.1249543,-0.01569085,0.03077716,-0.03901622,-0.5860366,-4.615242,0.2554805,0.7641048,1.456292,0.3810625,0.008208066,0.04196458,0.01021368,-0.8700079,-0.08973654,0.09366311,0.821924,1.528046,0.1509728,0.307656,1.240955,0.3892462,279.8843,198.6,56.94916,True
0,2.166669,0.09390817,-0.02460239,-0.03695568,-1.315901,1.560028,-2.424287,0.641807,1.250581,0.4783168,-1.236034,-0.1425852,-0.01573287,0.02333529,-0.04119071,-0.5865612,-4.615069,0.2556062,0.7639321,1.456049,0.3809724,0.008251268,0.05049742,0.01445873,-0.8696867,-0.08867501,0.09286363,0.8217808,1.528028,0.1509967,0.3076216,1.240892,0.3893963,279.903,198.5175,57.18302,True
0,2.17778,0.08761103,-0.04587363,-0.02723437,-1.315107,1.56098,-2.425363,0.6417035,1.25039,0.4782465,-1.23749,-0.1308978,-0.01694743,0.03941615,-0.05706376,-0.5874422,-4.612693,0.2539465,0.7636534,1.455741,0.3808403,0.001820002,0.05368546,0.01025306,-0.8696164,-0.08773531,0.09247214,0.8217094,1.528034,0.1510007,0.3076469,1.240761,0.3891073,279.951,198.3795,57.33899,True
0,2.188891,0.07912008,-0.05440098,-0.0207772,-1.314421,1.561793,-2.426043,0.6416101,1.250178,0.4781821,-1.238956,-0.1320644,-0.03120779,0.03860816,-0.09526762,-0.5895717,-4.61089,0.2532845,0.7634212,1.455571,0.380806,0.01034793,0.04942854,0.01124964,-0.8693783,-0.08718403,0.09174989,0.8216311,1.528082,0.1510034,0.3077303,1.240567,0.3884239,280.0238,198.0954,57.48463,True
0,2.200002,0.07379518,-0.05010768,-0.01227141,-1.314294,1.56218,-2.426819,0.6415648,1.249936,0.4780853,-1.24034,-0.1245331,-0.03881697,0.03124059,-0.1080143,-0.5911222,-4.610094,0.2533497,0.7631655,1.455415,0.3807492,0.01147284,0.04837615,0.01763293,-0.8689191,-0.08659228,0.09119995,0.8215325,1.528093,0.1510317,0.3078502,1.240332,0.3874779,280.1091,197.7018,57.60791,True
0,2.211113,0.06729469,-0.0170435,-0.0007247198,-1.315263,1.561879,-2.427092,0.6416425,1.249609,0.4779093,-1.241299,-0.08584934,-0.0250272,0.01951456,-0.1114276,-0.5924196,-4.609978,0.2530477,0.7629991,1.455267,0.3806503,0.009433124,0.05904928,0.02722144,-0.8681309,-0.08527375,0.09035946,0.8214182,1.52818,0.1510987,0.3079888,1.240066,0.3864124,280.1992,197.2259,57.76506,True
0,2.222224,0.06403261,0.005326437,0.003420827,-1.315836,1.561626,-2.427741,0.6416724,1.249224,0.4777279,-1.242721,-0.1284722,-0.005720723,0.01300808,-0.09783117,-0.5930578,-4.609653,0.2522405,0.7628149,1.455207,0.3806829,0.01267805,0.06758331,0.03249848,-0.8675119,-0.08386707,0.08920658,0.8213264,1.528254,0.1511457,0.3081153,1.239803,0.3853694,280.2875,196.8592,57.814,True
0,2.233335,0.0649671,0.04584748,0.00957682,-1.317332,1.560366,-2.428175,0.641791,1.248857,0.477602,-1.243611,-0.07945208,-0.006679405,0.008684285,-0.08719329,-0.5936666,-4.60949,0.2522128,0.7626269,1.455059,0.3806272,0.006202213,0.06010926,0.0240553,-0.8674512,-0.0833644,0.08912375,0.8212172,1.528219,0.1511896,0.3082454,1.239572,0.384489,280.3335,196.636,57.76197,True
0,2.244446,0.0638018,0.07567523,0.01581982,-1.31869,1.559788,-2.428655,0.6418101,1.248594,0.4774756,-1.245072,-0.1322752,-0.006592626,0.01076595,-0.07973215,-0.5943877,-4.608883,0.2517771,0.7624556,1.454967,0.3806508,0.006183069,0.05477913,0.02193173,-0.8672994,-0.08282831,0.08869338,0.8211284,1.528236,0.1512945,0.3083804,1.23941,0.3838747,280.3122,196.5655,57.65904,True
0,2.255557,0.05940626,0.1161653,0.01985475,-1.320787,1.557843,-2.428674,0.6419221,1.248166,0.4773538,-1.246212,-0.1024441,-0.01613954,0.02035723,-0.0774409,-0.5949816,-4.607537,0.2512029,0.7622764,1.4548,0.3806388,0.006173156,0.0558423,0.02086435,-0.8670523,-0.08202403,0.08812134,0.8209853,1.528226,0.151329,0.3085072,1.239307,0.3835683,280.2685,196.3558,57.79078,True
0,2.266668,0.05820383,0.152356,0.01859222,-1.322735,1.555974,-2.428742,0.6419222,1.247862,0.4773033,-1.247084,-0.07820272,-0.009832673,0.01613253,-0.08499363,-0.5962029,-4.606884,0.2504975,0.7620802,1.454672,0.3806236,0.01259629,0.06010979,0.02398703,-0.8666443,-0.08094358,0.08705634,0.8207469,1.528323,0.1513216,0.3086001,1.239272,0.3836138,280.1835,196.2979,57.84607,True
0,2.277779,0.05706254,0.1779384,0.0216419,-1.324856,1.553931,-2.428974,0.6419481,1.247501,0.4771998,-1.247899,-0.07320933,0.001789074,0.01296528,-0.0936662,-0.5975974,-4.606315,0.2496029,0.7617925,1.454433,0.3806534,0.01265623,0.05799198,0.03038278,-0.8660264,-0.08026461,0.08648109,0.820611,1.528365,0.1513412,0.3086183,1.23931,0.3839612,280.067,196.3691,57.87558,True
0,2.28889,0.05811306,0.1811189,0.0227062,-1.32638,1.552959,-2.429399,0.6419032,1.247114,0.4771185,-1.248831,-0.08408083,0.01760589,0.01836053,-0.1097838,-0.5992256,-4.604874,0.2476804,0.7615796,1.454217,0.3806615,0.01593706,0.05801247,0.03993655,-0.8652131,-0.07949855,0.08579613,0.8203567,1.528263,0.151336,0.30856,1.239418,0.3845903,279.9226,196.4651,57.937,True
0,2.300001,0.0592346,0.1661941,0.02173945,-1.327425,1.552292,-2.430053,0.6418627,1.246754,0.4772046,-1.249916,-0.09793971,0.02284008,0.008806314,-0.1173628,-0.6008555,-4.604597,0.2469965,0.7613479,1.454051,0.3806896,0.02228846,0.05480819,0.03561584,-0.8650346,-0.07882704,0.08490424,0.8201278,1.528263,0.1513979,0.3084075,1.239599,0.3854438,279.7661,196.5949,58.02407,True
0,2.311112,0.06251813,0.1395551,0.01869138,-1.327925,1.551852,-2.430751,0.6417993,1.246497,0.4771001,-1.250705,-0.07072533,0.02802486,-0.01245047,-0.1271355,-0.6027277,-4.605234,0.2470481,0.761126,1.453896,0.3806849,0.02864996,0.05586629,0.03235776,-0.8647603,-0.07800958,0.08382939,0.8199701,1.528284,0.1514008,0.3082346,1.239801,0.3864261,279.5837,196.5953,58.31703,True
0,2.322223,0.06363937,0.1203339,0.01348067,-1.328264,1.551524,-2.431375,0.6417066,1.246284,0.47699,-1.251656,-0.08586285,0.03013575,-0.024168,-0.1272297,-0.6042132,-4.605607,0.2469448,0.7609107,1.453698,0.3806748,0.02220822,0.05905142,0.02708249,-0.8645836,-0.07701595,0.08319635,0.8197615,1.528379,0.1514702,0.308097,1.239943,0.3873742,279.4089,196.4281,58.80925,True
0,2.333334,0.06799242,0.09155577,0.008312363,-1.328196,1.551454,-2.432267,0.6415943,1.246128,0.4768605,-1.252447,-0.07105937,0.02923059,-0.01785834,-0.1133319,-0.6049829,-4.605289,0.246385,0.7606487,1.453621,0.3806427,0.01473094,0.05478694,0.02503077,-0.8643507,-0.07640769,0.08288796,0.8195844,1.528416,0.1514618,0.3080184,1.239962,0.3881578,279.2786,196.252,59.26243,True
0,2.344445,0.07124093,0.07341929,0.007360138,-1.328257,1.551783,-2.433152,0.6414715,1.245993,0.4767008,-1.253118,-0.06023971,0.01773993,0.001228772,-0.09497974,-0.6052316,-4.603934,0.2454867,0.7604125,1.453591,0.3805218,0.01046096,0.04306757,0.02403291,-0.8640711,-0.07632926,0.08281659,0.819464,1.528477,0.1515179,0.3079542,1.239851,0.3886634,279.2086,196.3085,59.42108,True
0,2.355556,0.07982743,0.05210684,0.001076695,-1.327928,1.551795,-2.434349,0.6412923,1.245892,0.4766388,-1.254089,-0.08778792,0.006186306,0.009687562,-0.08095467,-0.6055442,-4.603088,0.2451176,0.7601361,1.453545,0.3804791,0.01049059,0.0388128,0.02723719,-0.8636599,-0.07600155,0.08247357,0.8192654,1.528515,0.1515248,0.3078725,1.239636,0.3888427,279.1955,196.5807,59.26046,True
0,2.366668,0.0862802,0.03077394,-0.001993963,-1.327516,1.552425,-2.43557,0.6410927,1.24581,0.4765646,-1.254793,-0.0630847,-0.006179005,0.03505851,-0.04551093,-0.6046681,-4.601532,0.2444489,0.7598219,1.453534,0.3804367,0.003065266,0.03988679,0.0305065,-0.8630964,-0.07534109,0.08221418,0.8190641,1.528502,0.151566,0.3077862,1.239342,0.3886964,279.2243,196.891,58.9568,True
0,2.377779,0.09163758,0.02332391,-0.004091055,-1.327467,1.552283,-2.436856,0.6409816,1.245669,0.4765525,-1.255964,-0.1059623,-0.007131349,0.04565954,-0.03691549,-0.6047218,-4.600089,0.2432843,0.7595016,1.453436,0.380492,0.0009455085,0.04628097,0.03157902,-0.8626447,-0.07441524,0.08167648,0.818889,1.528544,0.1516104,0.3076959,1.239005,0.3882626,279.277,197.1868,58.56628,True
0,2.38889,0.09594983,0.009515848,0.0002502976,-1.327506,1.55271,-2.438135,0.6407887,1.245615,0.4767511,-1.256687,-0.06458995,-0.01126053,0.06158808,-0.02718636,-0.6044071,-4.598029,0.2418494,0.7591774,1.453396,0.380486,-0.009733275,0.04840364,0.02847955,-0.862412,-0.0736649,0.08163707,0.8186897,1.528552,0.1516342,0.3075972,1.238646,0.3876518,279.3604,197.2328,58.33066,True
0,2.400001,0.0938368,0.004171938,-0.0018495,-1.327382,1.552661,-2.43911,0.6406401,1.245571,0.4767323,-1.257748,-0.09593406,-0.01441294,0.06690019,-0.02392407,-0.6043687,-4.596418,0.2408099,0.7588522,1.453343,0.3804588,-0.01192797,0.04306126,0.0210572,-0.8623528,-0.07334425,0.08152389,0.818535,1.528676,0.1516805,0.3075147,1.23828,0.3869695,279.4459,197.2183,58.11389,True
0,2.411112,0.09276519,0.003066417,-0.008233413,-1.327152,1.552464,-2.440073,0.6404901,1.245461,0.4767172,-1.258477,-0.06523699,-0.01969529,0.06688323,-0.01960795,-0.6042915,-4.595126,0.2401814,0.7585944,1.453261,0.3804774,-0.01086343,0.03666935,0.02105996,-0.8621068,-0.07312641,0.08146423,0.8183568,1.528699,0.1517065,0.3074679,1.237919,0.3863688,279.5208,197.167,57.89958,True
0,2.422223,0.08850507,0.004110867,-0.00930159,-1.327076,1.552248,-2.440933,0.6402713,1.245175,0.4766302,-1.259146,-0.06010791,-0.02403042,0.05946809,-0.02493394,-0.6046558,-4.594186,0.239852,0.7582507,1.453215,0.3805175,-0.01191704,0.03560087,0.02213769,-0.861776,-0.07276315,0.08136436,0.818162,1.528664,0.151614,0.3074057,1.2376,0.3859552,279.5725,197.2684,57.58232,True
0,2.433334,0.08420353,0.01473661,-0.0114862,-1.327263,1.551682,-2.441557,0.6401284,1.245046,0.4766314,-1.260055,-0.08194473,-0.01879607,0.04031608,-0.03043289,-0.6052343,-4.594325,0.2400038,0.7579865,1.45314,0.3805664,-0.01831857,0.03559956,0.02113265,-0.8615491,-0.07225396,0.081444,0.8179801,1.528703,0.1516664,0.3073056,1.237355,0.3857626,279.6158,197.43,57.33293,True
0,2.444445,0.07885477,0.02216826,-0.0136544,-1.327428,1.55105,-2.442218,0.6399028,1.244986,0.4765959,-1.260884,-0.07449105,-0.01145821,0.03077801,-0.04015636,-0.6059102,-4.593818,0.2394509,0.7576753,1.453138,0.3805373,-0.01712884,0.04095625,0.03282287,-0.861034,-0.07161999,0.08124026,0.8178045,1.528786,0.1516933,0.3071702,1.237176,0.3857901,279.6334,197.3692,57.41157,True
0,2.455556,0.08208123,0.01579351,-0.01362582,-1.327312,1.550892,-2.443336,0.6396852,1.24495,0.4766219,-1.261654,-0.06910226,-0.004240341,0.01916875,-0.06054602,-0.60723,-4.593495,0.2390059,0.7573857,1.453128,0.3805799,-0.0171166,0.03669096,0.03496849,-0.8602969,-0.0712373,0.0810613,0.8176193,1.528829,0.1517243,0.3069922,1.237038,0.3859957,279.6075,197.2449,57.61769,True
0,2.466667,0.07999621,0.005165737,-0.008232812,-1.327227,1.551171,-2.44425,0.6395053,1.244861,0.4765756,-1.26263,-0.08804056,-0.00534617,0.0138567,-0.06269693,-0.6079342,-4.593194,0.2389899,0.7571356,1.453158,0.3806269,-0.01604994,0.03882327,0.0349524,-0.859907,-0.07058455,0.08075743,0.8174194,1.528795,0.1517992,0.3067797,1.236959,0.3863446,279.5766,197.4185,57.54466,True
0,2.477778,0.08004002,-0.005491377,-0.00923798,-1.326867,1.551368,-2.445294,0.6392531,1.244897,0.4765749,-1.263907,-0.115416,-0.009535789,0.01061975,-0.05521297,-0.6082543,-4.593136,0.2392776,0.7568654,1.453189,0.3806551,-0.01826059,0.03987182,0.02644836,-0.8598761,-0.06996191,0.08063146,0.8172468,1.528833,0.1518333,0.3065213,1.236957,0.3867802,279.5534,197.6813,57.41323,True
0,2.488889,0.0779416,-0.01828315,-0.01022745,-1.326385,1.551713,-2.446022,0.6391377,1.244906,0.4765487,-1.264544,-0.05667949,-0.01147904,0.01797824,-0.03916218,-0.6080002,-4.592535,0.2389409,0.756622,1.453326,0.3806689,-0.02359398,0.0377445,0.0254383,-0.8595784,-0.06947348,0.08072201,0.8169664,1.528861,0.1520281,0.3063041,1.236989,0.3872247,279.5212,197.7319,57.52269,True
0,2.5,0.07693497,-0.03532214,-0.01012859,-1.325802,1.552249,-2.446968,0.6389842,1.244884,0.4766762,-1.265563,-0.09206221,-0.01347386,0.02217191,-0.02739717,-0.6078479,-4.591885,0.2385833,0.7563219,1.453401,0.3806818,-0.02462021,0.03882065,0.02971036,-0.859017,-0.06886775,0.08064771,0.8166862,1.528912,0.1521053,0.306141,1.23702,0.3875703,279.4786,197.7314,57.688,True
0,2.511111,0.07593577,-0.05234582,-0.005768295,-1.32514,1.553192,-2.448002,0.6388263,1.24489,0.4766748,-1.266135,-0.05086818,-0.02071931,0.03059896,-0.009158541,-0.6072375,-4.590986,0.2382909,0.7560595,1.453466,0.3808119,-0.02465057,0.03668367,0.02651887,-0.8588012,-0.06845868,0.08067247,0.8165083,1.528952,0.152154,0.3060082,1.237039,0.3877544,279.4674,197.6774,57.84871,True
0,2.522222,0.07277224,-0.06088085,-0.006782942,-1.324465,1.553739,-2.448919,0.6387202,1.244905,0.4767439,-1.26718,-0.09455788,-0.02278809,0.03376757,-0.003785317,-0.6069706,-4.590222,0.2379878,0.7558497,1.453499,0.3808265,-0.02358265,0.03561593,0.02651061,-0.8584923,-0.06805815,0.08057979,0.816353,1.529014,0.1521938,0.3059553,1.237031,0.387757,279.4894,197.5856,57.96498,True
0,2.533333,0.0717767,-0.07896981,-0.002416588,-1.323616,1.55501,-2.45001,0.6386018,1.244931,0.476759,-1.268091,-0.08187582,-0.01954477,0.03480146,0.0004476821,-0.6067395,-4.589577,0.2375529,0.7556447,1.453589,0.3808606,-0.02472944,0.02494608,0.01801998,-0.858602,-0.06814736,0.08094199,0.8162105,1.529061,0.1522112,0.305956,1.236994,0.3875962,279.5217,197.3642,58.13578,True
0,2.544444,0.07499471,-0.08212502,0.001860179,-1.323195,1.555852,-2.451213,0.6384882,1.244959,0.4768121,-1.268955,-0.07769305,-0.0173921,0.02091921,0.004602193,-0.6066361,-4.590131,0.2381151,0.7555668,1.453641,0.380903,-0.02584674,0.02173634,0.01270565,-0.8586745,-0.06801221,0.08121096,0.816101,1.529082,0.1522768,0.3059846,1.236921,0.3872776,279.5602,197.1519,58.26582,True
0,2.555555,0.07395633,-0.08742458,0.007218752,-1.322655,1.556992,-2.452277,0.6384623,1.244951,0.4768157,-1.269827,-0.0785023,-0.01519475,0.002755561,0.01299598,-0.6063192,-4.591169,0.2389463,0.7553682,1.453692,0.3809152,-0.02700214,0.01639011,0.003139957,-0.8589648,-0.06797452,0.08149939,0.8159446,1.529104,0.1522925,0.3060353,1.236817,0.3868551,279.6169,196.9606,58.33741,True
0,2.566666,0.073933,-0.07350495,0.01885518,-1.322961,1.55756,-2.453305,0.6383637,1.244881,0.4768465,-1.270907,-0.09751877,-0.01404782,-0.002624258,0.02147415,-0.6058702,-4.591752,0.2395447,0.7552209,1.453774,0.3809366,-0.03339132,0.007869344,0.003220026,-0.8589158,-0.06818784,0.0821721,0.8157676,1.529096,0.1522686,0.3061009,1.236686,0.3863522,279.6779,196.8379,58.32962,True
0,2.577777,0.07710284,-0.06387529,0.02305334,-1.323026,1.558015,-2.454381,0.6383072,1.244831,0.4768684,-1.271571,-0.05928645,-0.006430564,-0.004860418,0.03629427,-0.60505,-4.592305,0.2397561,0.7550817,1.453833,0.3809862,-0.03232703,0.007869512,0.003209013,-0.8588763,-0.06805895,0.08241951,0.8155417,1.529138,0.1522727,0.3061825,1.236532,0.3858281,279.7269,196.742,58.27939,True
0,2.588888,0.07917792,-0.04248931,0.03570609,-1.323769,1.558315,-2.455392,0.6383514,1.244662,0.47679,-1.272503,-0.08415643,0.001033459,-0.01340855,0.03829328,-0.6046686,-4.593273,0.2402819,0.7549337,1.453889,0.3809998,-0.0173119,-0.002762197,0.01374825,-0.8583411,-0.0686005,0.08243469,0.8153309,1.529145,0.1522462,0.3062899,1.236359,0.385321,279.7654,196.7042,58.17731,True
0,2.599999,0.07701355,-0.02648019,0.04200835,-1.324395,1.558571,-2.456407,0.6383493,1.244645,0.4766786,-1.273444,-0.08470693,0.007399944,-0.01234307,0.03609895,-0.6044321,-4.593557,0.2403013,0.7547859,1.453946,0.3809955,-0.01512649,0.003637653,0.01904514,-0.8578905,-0.06832886,0.08232737,0.815136,1.529251,0.1522903,0.3063554,1.236196,0.3848922,279.7759,196.7178,58.02552,True
0,2.61111,0.07699023,-0.01685614,0.04834511,-1.325061,1.558949,-2.457365,0.6383764,1.24448,0.4765997,-1.274274,-0.07458352,0.02543706,0.004727721,0.02642054,-0.6043362,-4.592499,0.2385196,0.7545934,1.453939,0.3810227,-0.02147733,0.007908236,0.02335782,-0.8574388,-0.06808358,0.08261631,0.8149546,1.529248,0.152262,0.3064166,1.23604,0.3845864,279.7733,196.7451,57.90331,True
0,2.622221,0.07379641,-0.01469388,0.05472285,-1.325573,1.559448,-2.458206,0.6383943,1.24435,0.4765487,-1.27513,-0.07717483,0.02754075,0.01860859,0.02115727,-0.6040604,-4.591346,0.2371521,0.7544087,1.454018,0.3809483,-0.01510668,0.005770536,0.02010258,-0.8573935,-0.06807879,0.08245306,0.8148159,1.529293,0.1522875,0.3065021,1.235893,0.3844078,279.7342,196.9402,57.68408,True
0,2.633332,0.06954027,-0.01469038,0.05792549,-1.326054,1.560072,-2.458994,0.6384131,1.244182,0.4764462,-1.27589,-0.06822968,0.02647218,0.03567421,0.01807589,-0.6037232,-4.589664,0.2355185,0.7542298,1.45405,0.3809576,-0.0183328,0.003634004,0.0169412,-0.8573173,-0.06812006,0.08278223,0.8146489,1.529308,0.1522782,0.3065789,1.235774,0.3843237,279.6943,197.2112,57.44368,True
0,2.644443,0.06846047,-0.009363066,0.05789633,-1.326624,1.560349,-2.459859,0.6384401,1.244058,0.476419,-1.27658,-0.06193152,0.0297291,0.04629344,0.022371,-0.6030797,-4.588551,0.2342386,0.7541103,1.45414,0.3810036,-0.0150972,0.002577676,0.02117756,-0.8569221,-0.06818864,0.08289515,0.8144999,1.529308,0.1522782,0.3066737,1.235665,0.3842953,279.6469,197.3395,57.36697,True
0,2.655554,0.06953452,-0.0104063,0.06109655,-1.327147,1.56098,-2.460808,0.6384487,1.243885,0.4763038,-1.277329,-0.0673854,0.02967571,0.04205813,0.01808443,-0.6029599,-4.58801,0.2334618,0.7539756,1.45417,0.3810279,-0.01294741,0.0004515816,0.02329103,-0.856618,-0.06829836,0.0830355,0.814367,1.529295,0.1522927,0.3067753,1.235564,0.3842728,279.5988,197.4231,57.34009,True
0,2.666665,0.07166252,-0.006092248,0.06746186,-1.328044,1.56142,-2.461795,0.638465,1.243741,0.4762065,-1.278328,-0.09018915,0.03166955,0.03253214,0.006285779,-0.6032917,-4.588037,0.2329787,0.7539122,1.454065,0.3810325,-0.01189573,0.003642658,0.02114351,-0.8564657,-0.06815149,0.08295321,0.8142052,1.529356,0.1524513,0.3068793,1.235469,0.3842089,279.5563,197.5074,57.29703,True
0,2.677776,0.07168352,-0.01034534,0.06855068,-1.328533,1.562099,-2.462835,0.6383752,1.243598,0.4760923,-1.27918,-0.07657196,0.02942315,0.02300609,-0.003338004,-0.6036502,-4.587944,0.2325866,0.7537551,1.454069,0.3810604,-0.009745665,0.002582155,0.02325618,-0.8561296,-0.06814151,0.08301312,0.8140631,1.529328,0.1524074,0.3069839,1.235381,0.3841,279.5185,197.5576,57.25556,True
0,2.688887,0.07063367,-0.01137152,0.07601543,-1.329299,1.562947,-2.463805,0.6383556,1.243402,0.4759238,-1.280083,-0.08141401,0.02601931,0.00926619,-0.02043179,-0.6045019,-4.588266,0.2326825,0.7535824,1.453963,0.3810842,-0.008670976,0.00258428,0.02431058,-0.8558361,-0.06815482,0.08311938,0.8139267,1.529285,0.1524596,0.3070914,1.235288,0.3839227,279.4706,197.5971,57.21883,True
0,2.699998,0.06955989,-0.009261705,0.07280274,-1.329752,1.563328,-2.464679,0.6384369,1.243093,0.4758177,-1.280896,-0.07312824,0.01739399,0.00507936,-0.02888411,-0.6049999,-4.587953,0.23258,0.753445,1.453928,0.3810387,-0.009820197,0.007890129,0.01579041,-0.8559005,-0.06787039,0.08317478,0.8138236,1.52929,0.1523914,0.3071807,1.23519,0.3836733,279.4171,197.6394,57.16137,True
0,2.711109,0.06953394,-0.001804829,0.07275996,-1.330544,1.563675,-2.465533,0.6384231,1.24287,0.4756432,-1.28159,-0.06225146,0.01425416,0.02957985,-0.02763678,-0.6050148,-4.585919,0.2308867,0.7532755,1.45387,0.3810291,-0.01196008,0.01321477,0.01473457,-0.8557514,-0.06746186,0.08311486,0.8137121,1.529297,0.1524045,0.3072337,1.235071,0.3833412,279.3736,197.6027,57.17498,True
0,2.72222,0.06951927,0.005690962,0.07804339,-1.331637,1.564023,-2.466438,0.6383526,1.242708,0.4755929,-1.282397,-0.07277624,0.0131917,0.04023546,-0.02863046,-0.6052215,-4.584563,0.229711,0.7531844,1.453776,0.381042,-0.0108294,0.01536091,0.02111259,-0.8552459,-0.06718943,0.08294415,0.8135828,1.529302,0.1524425,0.3073261,1.2349,0.3829283,279.3325,197.5179,57.21693,True
0,2.733331,0.06525645,0.005670052,0.07698487,-1.332323,1.564489,-2.467129,0.6383028,1.242505,0.4754324,-1.283191,-0.07142557,0.01106105,0.03384107,-0.02758095,-0.6054446,-4.584149,0.2293205,0.7530483,1.45373,0.3810525,-0.007623736,0.01429729,0.02214987,-0.8549488,-0.06707437,0.08282591,0.8134611,1.529316,0.1524599,0.3074771,1.234662,0.3824807,279.3118,197.3891,57.25941,True
0,2.744442,0.06526157,0.005673094,0.07698101,-1.333013,1.564938,-2.468029,0.6382303,1.242247,0.4752753,-1.284035,-0.07600282,0.01317292,0.03384259,-0.02866944,-0.6057274,-4.583481,0.2286641,0.7528656,1.453718,0.3810937,-0.0107646,0.01643801,0.0274986,-0.8545189,-0.06680393,0.08283949,0.813323,1.529374,0.1525202,0.307581,1.234406,0.3820391,279.2943,197.5357,57.00121,True
0,2.755553,0.06528791,-0.001777912,0.07702113,-1.333546,1.565604,-2.468913,0.6381278,1.242113,0.4751077,-1.284589,-0.04951053,0.008944303,0.03276543,-0.0254345,-0.605817,-4.582866,0.2281972,0.7527219,1.45365,0.3810658,-0.001197349,0.01323625,0.02528472,-0.8543085,-0.06678915,0.08248875,0.813185,1.529403,0.1525433,0.3076105,1.234167,0.3816488,279.2685,197.8319,56.60576,True
0,2.766664,0.06529278,-0.003912771,0.07596783,-1.334113,1.566183,-2.469748,0.6379802,1.24188,0.4748282,-1.28556,-0.08785498,0.001392357,0.03069123,-0.03388412,-0.6063986,-4.58231,0.2279921,0.7526153,1.453509,0.3810139,-0.002291866,0.01429767,0.02209701,-0.8541881,-0.06650246,0.08235133,0.8130292,1.529407,0.1525817,0.3075983,1.233951,0.3813076,279.2454,198.0531,56.34535,True
0,2.777775,0.06319887,-0.01671962,0.07284805,-1.334287,1.567087,-2.470543,0.6378818,1.241756,0.4746649,-1.286295,-0.0658944,-0.001774816,0.02853941,-0.03066773,-0.6066101,-4.581955,0.2278316,0.7523899,1.453487,0.3810759,-0.002312999,0.01216325,0.01997118,-0.8540321,-0.06641351,0.08234441,0.8128937,1.529443,0.1525967,0.3075737,1.233752,0.3810057,279.216,198.1653,56.22381,True
0,2.788886,0.05895815,-0.02421256,0.06969605,-1.334384,1.567907,-2.471226,0.63771,1.241465,0.4744971,-1.287025,-0.06569977,0.001483761,0.03169743,-0.02535665,-0.6066036,-4.581116,0.2270172,0.752244,1.453441,0.3810852,-0.005534388,0.01428983,0.01680205,-0.8539122,-0.06607515,0.08221871,0.8127197,1.52942,0.1526415,0.3075301,1.233575,0.3807116,279.1814,198.3059,56.09824,True
0,2.799997,0.05577996,-0.02845967,0.07185715,-1.334905,1.568671,-2.471904,0.6376147,1.241441,0.4744229,-1.287661,-0.05713366,0.001450948,0.03704847,-0.02958677,-0.6069525,-4.579924,0.2259652,0.7520869,1.453403,0.3810968,-0.00446683,0.01535453,0.01678762,-0.8537232,-0.06584053,0.0820448,0.8126637,1.529377,0.1525717,0.3074764,1.233408,0.3803889,279.1446,198.3875,56.04003,True
0,2.811108,0.05259022,-0.03168496,0.06868477,-1.335116,1.569454,-2.472554,0.6375223,1.241303,0.4742732,-1.288307,-0.05807656,0.001413319,0.03493878,-0.03279664,-0.6073669,-4.579138,0.2253087,0.7518942,1.453345,0.3811004,-0.008738132,0.01322243,0.0157668,-0.8535868,-0.06576383,0.08222084,0.8125659,1.529397,0.1525819,0.3074504,1.233238,0.380018,279.1309,198.3436,56.07632,True
0,2.822219,0.05365477,-0.03060215,0.06973904,-1.335606,1.570068,-2.473349,0.6375732,1.241143,0.474175,-1.289043,-0.06635064,0.004628696,0.03811704,-0.03174344,-0.6075139,-4.578289,0.2244225,0.7518251,1.453317,0.3810716,-0.007674614,0.01216214,0.01575521,-0.853443,-0.06555904,0.08215133,0.812533,1.529366,0.1526008,0.3074287,1.23306,0.379601,279.1255,198.2967,56.06502,True
0,2.83333,0.04830767,-0.02422291,0.0707761,-1.336208,1.570621,-2.473828,0.6375167,1.240992,0.4740469,-1.289738,-0.06243738,0.003588036,0.0327732,-0.0285685,-0.6076875,-4.577905,0.2241071,0.7517238,1.453252,0.3810661,-0.008738546,0.01429242,0.01575948,-0.853296,-0.06527341,0.0820685,0.8124254,1.52939,0.1526115,0.3074278,1.232918,0.3791677,279.1238,198.5152,55.76044,True
0,2.844441,0.04830313,-0.02316259,0.06864019,-1.336686,-4.712026,-2.474522,0.637455,1.240717,0.4738312,-1.290616,-0.07928486,0.01001209,0.03167494,-0.02544695,-0.6077856,-4.577352,0.2233135,0.7516046,1.453199,0.3810747,-0.00772017,0.01215297,0.01042677,-0.8533508,-0.06515051,0.08198834,0.812364,1.529403,0.1526513,0.3074823,1.232804,0.3787328,279.1217,198.5837,55.6194,True
0,2.855552,0.04186714,-0.01147912,0.06645252,-1.337397,-4.711858,-2.474786,0.6374254,1.240505,0.4737327,-1.291008,-0.03477058,0.01106961,0.02741198,-0.02548405,-0.608013,-4.576964,0.222852,0.7514837,1.453126,0.3810849,-0.008806524,0.01747692,0.008293148,-0.8533444,-0.06462653,0.08180059,0.8122239,1.529437,0.1526539,0.3076218,1.232707,0.3783258,279.1,198.4997,55.62989,True
0,2.866663,0.04074933,0.001276282,0.0610571,-1.338141,-4.711956,-2.475207,0.6372954,1.240329,0.4736955,-1.291842,-0.07554349,0.01207376,0.02211893,-0.03085461,-0.6085302,-4.576552,0.2222775,0.7511827,1.453063,0.3811202,-0.009826317,0.01642096,0.01363465,-0.852954,-0.06451467,0.08193907,0.8120992,1.529478,0.1526895,0.3077309,1.232639,0.3779475,279.0545,198.3383,55.7455,True
0,2.877774,0.03965846,0.009813122,0.06314154,-1.339081,-4.711821,-2.475632,0.637144,1.240091,0.4736102,-1.292153,-0.02737406,0.004500475,0.01900021,-0.04144748,-0.6093637,-4.576067,0.2220799,0.7509984,1.452991,0.3811531,-0.01193992,0.02068895,0.01577761,-0.8526611,-0.06399602,0.08184879,0.8119793,1.529519,0.1527271,0.3078047,1.232564,0.3775943,279.0024,198.0201,56.03089,True
0,2.888885,0.04176742,0.01405712,0.05885254,-1.339664,-4.711734,-2.476181,0.6370611,1.239936,0.4735408,-1.292945,-0.07182051,0.0001731087,0.02224443,-0.04777517,-0.6100311,-4.575051,0.2214568,0.7507617,1.452914,0.3812075,-0.01196071,0.02175359,0.01364914,-0.8525125,-0.06355527,0.08170232,0.8118141,1.529427,0.152735,0.3078124,1.232492,0.377302,278.9678,197.8934,56.08949,True
0,2.899997,0.04287598,0.004491587,0.0610367,-1.340147,-4.711111,-2.476911,0.6369307,1.23982,0.4735334,-1.293514,-0.05097231,-0.0008193515,0.03500891,-0.04342761,-0.6101584,-4.573346,0.2200242,0.7505798,1.452937,0.3812761,-0.01095722,0.02387413,0.007244436,-0.8525913,-0.06304381,0.08147835,0.8117554,1.529467,0.1528382,0.3077222,1.232439,0.3771139,278.9333,197.8359,56.08075,True
0,2.911108,0.04502966,-0.004047687,0.05682119,-1.340344,-4.710574,-2.477594,0.6368292,1.23968,0.4734638,-1.294209,-0.0628291,-0.001770489,0.03494634,-0.03276402,-0.6100966,-4.572708,0.2195369,0.7504165,1.452877,0.3812747,-0.01200198,0.02707443,0.009378572,-0.8523852,-0.06250799,0.08130764,0.811667,1.529464,0.1528666,0.3075875,1.232387,0.3770287,278.8775,197.874,56.035,True
0,2.922219,0.04076261,-0.005153541,0.05150781,-1.340653,-4.710293,-2.477944,0.6367503,1.239538,0.4734395,-1.294833,-0.05607464,-0.003942288,0.02537614,-0.03492576,-0.610527,-4.57258,0.2195598,0.7502428,1.452877,0.3812983,-0.01412934,0.02494718,0.01046764,-0.8522302,-0.06225392,0.08146477,0.8115408,1.5295,0.1529257,0.307482,1.232319,0.3770206,278.8354,197.9757,55.96931,True
0,2.93333,0.03863987,-0.008369064,0.04939902,-1.34091,-4.709835,-2.478418,0.6366526,1.239363,0.4733877,-1.295336,-0.04524972,-0.003965301,0.01899092,-0.0360295,-0.6109696,-4.572393,0.2194471,0.7500558,1.452818,0.3813431,-0.01519418,0.02814322,0.01047128,-0.8520837,-0.06170877,0.08131829,0.8114399,1.529503,0.1529608,0.3074185,1.232221,0.3770351,278.7982,198.0852,55.91958,True
0,2.944441,0.04075899,-0.006261379,0.04298757,-1.341173,-4.709816,-2.479041,0.6366396,1.239234,0.4732857,-1.295578,-0.0213763,-0.001846638,0.01366912,-0.03715266,-0.6114495,-4.572182,0.2190788,0.7498775,1.452733,0.3812845,-0.01838682,0.02920538,0.01049614,-0.8519931,-0.06128879,0.08132202,0.8114188,1.52946,0.1529963,0.3073939,1.232083,0.3770234,278.774,198.1497,55.90681,True
0,2.955552,0.04500729,-0.00305683,0.04189712,-1.341564,-4.709614,-2.479733,0.6365442,1.239052,0.4732456,-1.296156,-0.05233775,-0.000866862,0.01691462,-0.04566655,-0.6121606,-4.571333,0.2183595,0.7496272,1.452651,0.3813291,-0.02157407,0.03773232,0.01157314,-0.8517833,-0.06033098,0.0810597,0.8113317,1.529461,0.1530561,0.3073768,1.231924,0.3769719,278.7593,198.2761,55.79811,True
0,2.966663,0.04818606,0.0001421175,0.03974631,-1.342004,-4.709503,-2.480357,0.6364423,1.238872,0.4731853,-1.296935,-0.07043295,-0.003024798,0.02759383,-0.04983501,-0.6126314,-4.570008,0.2173808,0.7494177,1.452617,0.3813691,-0.02264923,0.03985903,0.01050927,-0.8517348,-0.05969675,0.0809292,0.8112674,1.529469,0.1531422,0.3073634,1.231759,0.3768665,278.7467,198.4251,55.65174,True
0,2.977774,0.05351462,0.0001495564,0.03654075,-1.342289,-4.709402,-2.48125,0.6361538,1.238702,0.4732337,-1.297494,-0.05013887,-0.006233647,0.0329387,-0.05189905,-0.6131459,-4.568809,0.2165952,0.749158,1.452529,0.381387,-0.0236604,0.04412857,0.0158407,-0.8512667,-0.05896305,0.08069059,0.8110911,1.529474,0.1532552,0.3073682,1.231592,0.3767228,278.7421,198.5088,55.54758,True
0,2.988885,0.06098432,-0.007330372,0.0280495,-1.342106,-4.70908,-2.482257,0.6359785,1.238532,0.4732215,-1.297953,-0.04125433,-0.02109272,0.04679931,-0.04952119,-0.6133244,-4.566998,0.2157762,0.7487584,1.452424,0.381413,-0.02686619,0.04412695,0.01480556,-0.8511053,-0.05832829,0.08067727,0.8110111,1.529453,0.1533127,0.3073512,1.231421,0.3765596,278.7249,198.4946,55.52211,True
0,2.999996,0.06205373,-0.009461859,0.02699202,-1.342211,-4.708818,-2.482991,0.6358079,1.238346,0.4731741,-1.298734,-0.07071342,-0.0253407,0.05212583,-0.04944532,-0.6137542,-4.565706,0.215087,0.7485549,1.452272,0.3814106,-0.02477751,0.04411691,0.01052731,-0.8510568,-0.05771709,0.08050443,0.8109162,1.529487,0.1533701,0.307265,1.231251,0.376395,278.7073,198.4409,55.52384,True
0,3.011107,0.0609614,-0.004169881,0.02163666,-1.34234,-4.708884,-2.483637,0.6356534,1.238129,0.4731388,-1.299351,-0.05545644,-0.02531846,0.0467838,-0.04628278,-0.6141058,-4.564896,0.2147256,0.7481596,1.452112,0.3814149,-0.02373178,0.04837364,0.008378237,-0.8509977,-0.05684198,0.08014251,0.8108207,1.529488,0.1534426,0.3070804,1.231067,0.3762597,278.6993,198.2706,55.63945,True
0,3.022218,0.06518785,0.004351011,0.01837644,-1.342548,-4.709212,-2.484428,0.6355236,1.23798,0.4730935,-1.299634,-0.02498937,-0.02645911,0.04256042,-0.05268671,-0.6148136,-4.564123,0.2144058,0.7478707,1.452015,0.3814623,-0.02582857,0.05157677,0.01159303,-0.8506184,-0.05594995,0.07987166,0.8106923,1.529558,0.1535139,0.3069082,1.230823,0.3761619,278.7036,198.1578,55.72965,True
0,3.033329,0.06726694,0.01711718,0.0140384,-1.342927,-4.709733,-2.485113,0.63536,1.237731,0.4730928,-1.300165,-0.04799918,-0.02665091,0.03093991,-0.06873586,-0.6161207,-4.56378,0.2144087,0.7474639,1.451824,0.381485,-0.0279092,0.06650308,0.01691194,-0.8501177,-0.05433381,0.07924156,0.8105682,1.529573,0.1536138,0.3067538,1.230527,0.3760948,278.7072,198.2976,55.58678,True
0,3.04444,0.06934386,0.02881055,0.007575909,-1.343312,-4.710399,-2.485758,0.635214,1.237398,0.4731514,-1.30097,-0.07274865,-0.03524068,0.04272007,-0.07709037,-0.6169586,-4.561988,0.2135863,0.7470831,1.45167,0.3814921,-0.02469396,0.07289158,0.01900278,-0.8497279,-0.0531539,0.07864475,0.8104806,1.529575,0.1536007,0.3066117,1.230208,0.3760664,278.7197,198.6123,55.26783,True
0,3.055551,0.07253379,0.03310011,0.00967374,-1.343763,-4.710774,-2.48666,0.6350199,1.237145,0.4731619,-1.301549,-0.05186578,-0.03525326,0.04912884,-0.07918115,-0.6176829,-4.560262,0.2125919,0.746639,1.451551,0.3815091,-0.02356826,0.07716574,0.02537488,-0.849176,-0.05186559,0.07802982,0.8103598,1.529566,0.1536918,0.306472,1.229898,0.3760982,278.7373,198.9278,54.94185,True
0,3.066662,0.07249674,0.04266755,0.007483523,-1.344134,-4.711343,-2.487338,0.6348621,1.236819,0.4730711,-1.302174,-0.05629805,-0.03414932,0.06297079,-0.07804972,-0.6182763,-4.557963,0.211002,0.7462227,1.451324,0.3815513,-0.02034834,0.08036809,0.02746942,-0.848726,-0.05053255,0.07723141,0.8102446,1.529599,0.1538191,0.3063145,1.229606,0.3762186,278.7351,199.0428,54.81519,True
0,3.077773,0.07354391,0.04906243,0.006376248,-1.344639,-4.712051,-2.48812,0.6346564,1.236577,0.4730878,-1.303022,-0.07658076,-0.03205987,0.0587163,-0.08022971,-0.6191328,-4.556844,0.2105319,0.745875,1.451176,0.3816292,-0.02462914,0.08143017,0.0253742,-0.8484959,-0.04928579,0.0768298,0.8101178,1.529611,0.1539099,0.3061388,1.229326,0.376443,278.7098,199.0874,54.78469,True
0,3.088884,0.07454227,0.06501205,0.0009565912,-1.345249,1.570056,-2.488698,0.6344607,1.236291,0.4732187,-1.303537,-0.04593177,-0.03547461,0.04498282,-0.09838761,-0.6207562,-4.556161,0.2104723,0.7454892,1.450919,0.3816419,-0.03111388,0.08460592,0.01584336,-0.8485662,-0.04792505,0.07652567,0.8099654,1.529611,0.1540163,0.3059377,1.229055,0.3767353,278.6653,199.2043,54.74527,True
0,3.099995,0.07342597,0.07778481,-0.001251768,-1.345964,1.568858,-2.489164,0.6342347,1.235879,0.4731786,-1.304347,-0.0731956,-0.03997165,0.03660017,-0.119707,-0.6227898,-4.555047,0.2100374,0.7450242,1.45066,0.3817174,-0.03219429,0.08567035,0.0147847,-0.8483574,-0.04663288,0.07612273,0.80984,1.529667,0.1541581,0.3057181,1.228784,0.3770489,278.6283,199.4022,54.6531,True
0,3.111106,0.07549996,0.09053256,-0.008785795,-1.346551,1.567477,-2.489723,0.6340491,1.235496,0.4732103,-1.304954,-0.05443675,-0.0431198,0.03764527,-0.1154055,-0.6238013,-4.553886,0.2096717,0.7445766,1.45045,0.3817899,-0.03322942,0.08567689,0.01799049,-0.8479862,-0.04538799,0.0756913,0.8097223,1.529693,0.1542616,0.3054688,1.228529,0.3773808,278.6101,199.6123,54.50035,True
0,3.122217,0.07013793,0.1011804,-0.00883919,-1.347496,1.566115,-2.490048,0.6337628,1.235192,0.4733226,-1.30559,-0.05717903,-0.03536532,0.0545209,-0.08981689,-0.6236132,-4.551922,0.2082813,0.7442089,1.450274,0.3818672,-0.02993632,0.08996315,0.02754174,-0.8472543,-0.04382125,0.07476718,0.8096048,1.529685,0.1543553,0.3051919,1.228294,0.377764,278.5822,199.7102,54.43549,True
0,3.133328,0.07330319,0.1118689,-0.004644573,-1.348537,1.564862,-2.490685,0.633556,1.234833,0.4733715,-1.306464,-0.07882619,-0.02343989,0.074644,-0.07384225,-0.6235461,-4.549265,0.2059612,0.7437831,1.450049,0.3819101,-0.02673005,0.08996521,0.02857212,-0.846906,-0.04253295,0.07409793,0.809505,1.52966,0.1544735,0.3048876,1.22807,0.3781942,278.5306,199.7089,54.50716,True
0,3.144439,0.07329373,0.1172086,-0.002550788,-1.349371,1.563649,-2.491298,0.6335015,1.23442,0.473371,-1.307003,-0.0480881,-0.02122431,0.09058267,-0.06844257,-0.6238418,-4.546556,0.203918,0.7433882,1.449936,0.3819942,-0.0267886,0.09102064,0.02217993,-0.8467782,-0.04109723,0.07342415,0.8093781,1.529684,0.1546764,0.3045735,1.227851,0.3786781,278.4862,199.7313,54.55382,True
0,3.15555,0.07861473,0.1182864,-0.003630679,-1.350117,1.562485,-2.492095,0.6333438,1.23411,0.4733939,-1.308032,-0.09323309,-0.02989678,0.08001805,-0.08119987,-0.6251115,-4.54534,0.2034969,0.7430565,1.449716,0.3820591,-0.02893881,0.09101672,0.02006814,-0.8465646,-0.03974582,0.07290404,0.8092622,1.529667,0.1548369,0.3042156,1.227665,0.3792155,278.4336,199.9907,54.36982,True
0,3.166661,0.08605125,0.1203999,-0.0111133,-1.350632,1.561058,-2.492951,0.6330826,1.233948,0.4734769,-1.308808,-0.06963704,-0.03852554,0.06090253,-0.08867453,-0.6262674,-4.544941,0.2037901,0.742704,1.449625,0.3821597,-0.02902178,0.09205976,0.01154626,-0.8466104,-0.03840372,0.07238578,0.8091207,1.529698,0.1549761,0.3039255,1.227485,0.3797827,278.3593,200.2003,54.28142,True
0,3.177772,0.08821754,0.1119169,-0.006811284,-1.351311,1.560193,-2.493782,0.632913,1.233756,0.473516,-1.309763,-0.0861303,-0.03848907,0.04808869,-0.08342696,-0.6269689,-4.544495,0.2038224,0.7422465,1.449584,0.3822455,-0.03116885,0.09312913,0.01050099,-0.8463899,-0.03684337,0.07187232,0.8089731,1.529769,0.1551023,0.3037552,1.227283,0.3803372,278.2892,200.3312,54.29306,True
0,3.188883,0.08831805,0.08423211,-0.004521023,-1.35133,1.560156,-2.494748,0.632731,1.233614,0.4735341,-1.310696,-0.08407228,-0.02980665,0.01813006,-0.06346156,-0.6271436,-4.545682,0.2048179,0.7418879,1.449509,0.3823013,-0.0290591,0.08779808,0.008361101,-0.8462983,-0.03576439,0.07142651,0.8088381,1.529837,0.1552279,0.3035755,1.227087,0.3808472,278.248,200.4902,54.23977,True
0,3.199994,0.08514039,0.0778189,-0.006616585,-1.351575,1.559413,-2.495411,0.6325945,1.233349,0.4735415,-1.311371,-0.0604587,-0.02766258,0.01385024,-0.06137911,-0.6277337,-4.545487,0.2048988,0.7415388,1.449412,0.3823442,-0.03010252,0.08247742,0.01051494,-0.8460133,-0.03477263,0.07109895,0.8087434,1.529827,0.1553714,0.3033205,1.226921,0.3813239,278.2314,200.7108,54.08415,True
0,3.211105,0.08198263,0.06499986,-0.01079888,-1.351537,1.55904,-2.49613,0.6324366,1.233135,0.4736016,-1.312145,-0.06969736,-0.0201247,0.02445871,-0.05499835,-0.6278988,-4.544046,0.2038099,0.7411402,1.44927,0.3823414,-0.02579203,0.07716101,0.01581172,-0.845609,-0.03387714,0.0706486,0.808603,1.529863,0.1554823,0.3030786,1.226771,0.3817424,278.1979,201.0033,53.88347,True
0,3.222216,0.07985588,0.06391697,-0.01398661,-1.351849,1.558178,-2.496832,0.6321059,1.232943,0.4737511,-1.312849,-0.06320323,-0.02322891,0.04468153,-0.04951664,-0.6280197,-4.541673,0.2022921,0.7407197,1.449113,0.3824227,-0.02682883,0.07397206,0.01902573,-0.8452191,-0.03290801,0.07039826,0.8083918,1.529897,0.1556504,0.3028935,1.226616,0.3820346,278.1762,201.0959,53.89247,True
0,3.233327,0.08198143,0.06390595,-0.01718586,-1.352026,1.557426,-2.497655,0.6319129,1.232724,0.4738662,-1.313687,-0.0754531,-0.02525284,0.05955338,-0.04194734,-0.6280155,-4.539728,0.201082,0.7402914,1.448997,0.3824761,-0.02145248,0.07291714,0.02430177,-0.8447627,-0.03188323,0.0697892,0.8081971,1.529944,0.1557672,0.302759,1.226445,0.3822063,278.1656,200.9856,54.04372,True
0,3.244438,0.07989407,0.05432735,-0.01500125,-1.35212,1.557083,-2.498498,0.6316193,1.232564,0.4740326,-1.314664,-0.08802112,-0.0284178,0.06914246,-0.0407903,-0.6282189,-4.537742,0.1998654,0.7398211,1.448851,0.3825567,-0.02141275,0.07825227,0.02855893,-0.8441401,-0.03052262,0.06913992,0.8079492,1.529946,0.1559284,0.3026092,1.226274,0.3822878,278.1749,200.8184,54.17368,True
0,3.255549,0.0777977,0.04904922,-0.006448191,-1.352534,1.556775,-2.499259,0.6314518,1.232397,0.4741619,-1.315653,-0.08911824,-0.03268566,0.076616,-0.04283101,-0.6285731,-4.535828,0.1988039,0.7394615,1.448742,0.3826511,-0.02349179,0.0846545,0.03389395,-0.8434812,-0.02901807,0.06846081,0.8077596,1.529948,0.1561105,0.3023622,1.226129,0.3823605,278.1842,200.6561,54.24648,True
0,3.26666,0.07994766,0.04158295,-0.008540854,-1.352475,1.556486,-2.500117,0.6313714,1.232353,0.474102,-1.31647,-0.07334829,-0.03173541,0.06175347,-0.05144905,-0.6293023,-4.535151,0.1985147,0.7391393,1.448704,0.3826635,-0.03843302,0.0803897,0.03084632,-0.8432207,-0.02799089,0.06866242,0.8076066,1.530065,0.1562204,0.3021093,1.225986,0.3824848,278.1868,200.5168,54.32203,True
0,3.277771,0.07889191,0.03837726,-0.009585983,-1.352547,1.55614,-2.500884,0.6312014,1.232222,0.4741695,-1.317248,-0.07003558,-0.02962286,0.05642349,-0.05257023,-0.62986,-4.534355,0.1980801,0.7388793,1.448557,0.3827305,-0.02879859,0.07827087,0.03608185,-0.8426386,-0.02694134,0.06800115,0.8074033,1.530106,0.1563463,0.3018569,1.225843,0.3826719,278.1818,200.5252,54.29601,True
0,3.288882,0.07998333,0.0287783,-0.01273022,-1.35234,1.555907,-2.501734,0.6311244,1.232128,0.4741943,-1.318213,-0.08689595,-0.02859395,0.03937931,-0.05268609,-0.6304821,-4.534297,0.1984103,0.7386724,1.448573,0.3828275,-0.02997452,0.07292472,0.02438544,-0.842703,-0.02598153,0.06768957,0.8072898,1.530145,0.1565118,0.3016825,1.225702,0.3829016,278.163,200.8287,54.04425,True
0,3.299993,0.07892576,0.0255626,-0.01590727,-1.352222,1.555532,-2.502534,0.6309711,1.232047,0.474236,-1.31903,-0.07337513,-0.03073971,0.02446274,-0.05168902,-0.6310738,-4.53441,0.1989088,0.7384282,1.448625,0.3829377,-0.02791785,0.05799292,0.01693659,-0.842769,-0.02583506,0.06787359,0.8071735,1.530243,0.156667,0.3015884,1.22558,0.3831207,278.1675,201.1083,53.85446,True
0,3.311104,0.07678014,0.0276522,-0.02123884,-1.352133,1.555027,-2.503242,0.6308606,1.23201,0.4743564,-1.319963,-0.08411448,-0.0273753,0.010499,-0.03369809,-0.6309002,-4.535124,0.1996724,0.7381768,1.448607,0.3830078,-0.03112308,0.06225242,0.0158929,-0.8425693,-0.02471853,0.06760275,0.8069988,1.530287,0.1567831,0.3015185,1.225483,0.3833162,278.1719,201.1511,53.86668,True
0,3.322215,0.0756972,0.03189216,-0.02446293,-1.352083,1.554364,-2.503946,0.6306173,1.231836,0.4744515,-1.320829,-0.07789349,-0.02303369,0.007245995,-0.0252453,-0.6309348,-4.53501,0.1997485,0.7378213,1.448523,0.3831139,-0.03001088,0.06546535,0.02120942,-0.8419669,-0.02349521,0.06714095,0.8067844,1.530258,0.1569088,0.3014728,1.225409,0.383478,278.1762,201.0564,53.9906,True
0,3.333326,0.07675461,0.03510403,-0.02235251,-1.352239,1.553853,-2.504717,0.6304791,1.231741,0.4745533,-1.321638,-0.07272848,-0.01229379,0.01144333,-0.01787724,-0.6307852,-4.534575,0.1991232,0.7375511,1.448462,0.3831666,-0.02666392,0.07082339,0.03714736,-0.8408995,-0.02228094,0.06649913,0.8066028,1.530304,0.1570482,0.3013922,1.225362,0.3836195,278.1843,200.9271,54.11391,True
0,3.344437,0.07568459,0.03722092,-0.02343526,-1.352179,1.553246,-2.505467,0.6303909,1.231594,0.4747095,-1.322537,-0.08098474,-0.01234999,0.02213547,-0.02420967,-0.6312618,-4.533298,0.1983472,0.7372084,1.448378,0.3832786,-0.02666678,0.06763642,0.03715479,-0.8404388,-0.02129583,0.06617449,0.806375,1.530337,0.1571229,0.3012656,1.225346,0.3837776,278.1924,200.7157,54.29889,True
0,3.355548,0.07465355,0.02870414,-0.02232097,-1.352029,1.553018,-2.506257,0.6302782,1.231488,0.4748394,-1.323445,-0.08180019,-0.0123875,0.0296181,-0.02842727,-0.6316108,-4.532175,0.1976705,0.7369311,1.448283,0.3833656,-0.02035721,0.05803124,0.02858964,-0.8404249,-0.02087319,0.0659151,0.8062009,1.530342,0.1572089,0.3010704,1.22534,0.38398,278.1808,200.4135,54.58879,True
0,3.366659,0.07574228,0.02124077,-0.02440898,-1.351776,1.552811,-2.507109,0.6301585,1.231395,0.4750166,-1.32431,-0.07785808,-0.008248519,0.01901583,-0.03812408,-0.6323729,-4.532148,0.1975962,0.7366512,1.448194,0.3834245,-0.01829568,0.05055212,0.02112741,-0.8404329,-0.0205395,0.06580591,0.8060465,1.53044,0.1572807,0.3009034,1.225317,0.3842381,278.1617,200.2524,54.76337,True
0,3.37777,0.07366425,0.005243398,-0.02644441,-1.351205,1.552994,-2.507877,0.6299621,1.231356,0.4751511,-1.325126,-0.0733549,-0.004227016,0.008478343,-0.05846946,-0.6336672,-4.532161,0.197565,0.7363722,1.448123,0.3835046,-0.01395521,0.04844777,0.02961176,-0.8397714,-0.01973069,0.06530151,0.8057802,1.530496,0.1574621,0.3008011,1.225254,0.384552,278.1525,200.1237,54.9279,True
0,3.388881,0.07050554,-0.00758113,-0.03062859,-1.350445,1.553146,-2.508575,0.6297977,1.231243,0.4752748,-1.326034,-0.08174474,0.001139155,0.01164553,-0.05531163,-0.6341476,-4.531639,0.1969647,0.7360364,1.448004,0.3835504,-0.01271909,0.05061454,0.04770666,-0.8385921,-0.01894972,0.06488206,0.8055426,1.530525,0.1575429,0.3007336,1.225156,0.3848875,278.1524,200.1115,54.99644,True
0,3.399992,0.06942984,-0.009750998,-0.03594341,-1.349825,1.552956,-2.509145,0.629729,1.231147,0.4754281,-1.32672,-0.06149005,0.004346946,0.02335797,-0.05633735,-0.6345999,-4.530446,0.1958174,0.7357399,1.44791,0.3835742,-0.007363446,0.05062146,0.05084677,-0.8379951,-0.01820457,0.06431135,0.8053122,1.530519,0.1576676,0.3006594,1.225031,0.3852127,278.1626,200.1506,55.01806,True
0,3.411103,0.06726012,0.0008880962,-0.03706683,-1.349701,1.552381,-2.509663,0.6296642,1.230956,0.4755633,-1.327485,-0.06892982,0.001252517,0.04143461,-0.04980266,-0.6347096,-4.528543,0.1943705,0.7353883,1.447817,0.3836093,0.0001537874,0.05276375,0.05716373,-0.837105,-0.01741601,0.06350388,0.8050922,1.530556,0.157757,0.30054,1.224891,0.3854766,278.188,200.1866,55.04833,True
0,3.422215,0.07256894,0.004089752,-0.03922656,-1.349353,1.551929,-2.510502,0.6296633,1.230827,0.4756718,-1.328272,-0.07082741,0.001352482,0.05737362,-0.04331434,-0.634717,-4.526618,0.192783,0.7349936,1.447793,0.3836956,0.003324442,0.05169269,0.05501458,-0.8364456,-0.01679709,0.06302264,0.8048085,1.530671,0.157944,0.3004243,1.224728,0.385659,278.2303,200.1411,55.12639,True
0,3.433326,0.07784672,0.01795695,-0.03931503,-1.349433,1.551097,-2.511366,0.6296308,1.230704,0.4757996,-1.329148,-0.07885428,0.008985452,0.07965364,-0.03047643,-0.6342664,-4.523974,0.1903066,0.7346457,1.44778,0.3837514,0.001073286,0.05273305,0.0422507,-0.8363487,-0.01596751,0.06250838,0.804563,1.530725,0.158051,0.3003529,1.224556,0.385792,278.2767,200.1114,55.13215,True
0,3.444437,0.08847939,0.02548568,-0.0340521,-1.349576,1.550498,-2.512511,0.6295816,1.230626,0.4759219,-1.330287,-0.1029136,0.01008107,0.07643347,-0.02730926,-0.6343176,-4.522863,0.1892402,0.7343512,1.447752,0.3838079,-0.005338229,0.0474003,0.04018816,-0.8360025,-0.01558562,0.06253155,0.8044116,1.530821,0.158092,0.3003199,1.224393,0.3859248,278.3,200.1028,55.10038,True
0,3.455548,0.09383798,0.01914355,-0.02976594,-1.349459,1.550284,-2.513702,0.6294931,1.230579,0.4760153,-1.331263,-0.08780856,0.007888932,0.05941391,-0.03058628,-0.6347687,-4.522608,0.1889867,0.7340791,1.447769,0.3838639,0.006410025,0.04633936,0.0432758,-0.8353777,-0.01499972,0.06165538,0.8041953,1.530893,0.1581891,0.3003339,1.224243,0.3860859,278.3218,200.0699,55.10451,True
0,3.466659,0.09600881,0.008514535,-0.02757846,-1.349106,1.550322,-2.514816,0.6293751,1.230384,0.4760506,-1.332342,-0.09730975,0.003516365,0.03388674,-0.03602109,-0.6354601,-4.523209,0.1897036,0.7338458,1.447707,0.3838861,0.004312478,0.04314317,0.0475639,-0.8346613,-0.01472422,0.06157255,0.8040261,1.530904,0.1580827,0.3003356,1.224122,0.3863115,278.3289,200.089,55.06778,True
0,3.47777,0.1003317,-0.01065549,-0.02960699,-1.348319,1.550641,-2.516111,0.6292566,1.230335,0.4762163,-1.333174,-0.07468952,0.0141899,0.01360347,-0.03093094,-0.6356827,-4.523763,0.1896216,0.7335955,1.447678,0.3839111,0.004232243,0.02608059,0.03908133,-0.8344786,-0.0152177,0.06183434,0.80382,1.530923,0.1580732,0.30031,1.224024,0.3866018,278.3166,200.1329,55.0514,True
0,3.488881,0.09824888,-0.02667287,-0.03483773,-1.347371,1.551012,-2.51719,0.629194,1.230263,0.4763229,-1.333912,-0.06626549,0.02479666,0.01361057,-0.03530588,-0.6361727,-4.523348,0.1886565,0.7333506,1.44762,0.3839376,0.005266707,0.02074755,0.03588622,-0.834191,-0.0151671,0.0617097,0.8036174,1.530958,0.1581259,0.3002544,1.223922,0.3869097,278.2979,200.0469,55.22127,True
0,3.499992,0.1014565,-0.03415595,-0.04012861,-1.346454,1.551169,-2.518363,0.6290816,1.230238,0.4763892,-1.334928,-0.09168467,0.02796545,0.0157558,-0.03852183,-0.6366351,-4.522672,0.1876607,0.7330935,1.447539,0.3839612,0.004210271,0.02287665,0.0369579,-0.8337154,-0.01479399,0.06148147,0.8033204,1.530994,0.1581478,0.3001865,1.22377,0.3871731,278.2905,199.8512,55.51055,True
0,3.511103,0.1068239,-0.04477764,-0.03794498,-1.345684,1.551651,-2.519809,0.6289881,1.23014,0.4765465,-1.33566,-0.06549168,0.02370472,0.02216136,-0.03950291,-0.6370031,-4.52177,0.1868429,0.7328023,1.447449,0.3839889,0.002154104,0.02928283,0.04442286,-0.8329383,-0.01414272,0.06103592,0.8030977,1.531012,0.158227,0.3001412,1.223553,0.3873599,278.3257,199.7598,55.6498,True
0,3.522214,0.1068277,-0.04691221,-0.03793113,-1.345002,1.551938,-2.52099,0.6289208,1.230045,0.4766459,-1.336762,-0.09954062,0.01524757,0.0359969,-0.0350708,-0.6371282,-4.520361,0.1859089,0.7325746,1.44735,0.3840766,0.002226457,0.03142368,0.05186999,-0.8321691,-0.0137214,0.06069477,0.8029312,1.53094,0.1584244,0.3001225,1.223285,0.3874522,278.391,199.8752,55.54722,True
0,3.533325,0.1100666,-0.05861279,-0.03680321,-1.344086,1.55262,-2.522459,0.6288464,1.229959,0.4768205,-1.337986,-0.1103951,0.01526111,0.04345383,-0.03502587,-0.6373664,-4.519022,0.1846548,0.7322985,1.447292,0.3841217,0.005443253,0.03888453,0.05395541,-0.8314415,-0.0128154,0.05989289,0.8027283,1.530952,0.1585035,0.3001008,1.223002,0.3874599,278.468,200.0315,55.36506,True
0,3.544436,0.1132837,-0.06387623,-0.02825264,-1.343629,1.553305,-2.523819,0.6288754,1.229825,0.4770362,-1.338816,-0.07419127,0.01316132,0.03917751,-0.03183227,-0.6375639,-4.518548,0.1841163,0.7320426,1.447318,0.384213,0.006431438,0.03780593,0.04649709,-0.8310969,-0.01229621,0.05952884,0.8024803,1.531048,0.1586745,0.300111,1.222699,0.3874077,278.5264,200.0734,55.26828,True
0,3.555547,0.1111478,-0.06067353,-0.02613838,-1.343104,1.553618,-2.52509,0.6288517,1.22971,0.477176,-1.340046,-0.1111054,0.009996641,0.04769939,-0.03068322,-0.63776,-4.517102,0.1828851,0.7318357,1.447271,0.3842895,0.004239943,0.03459755,0.0401332,-0.8308402,-0.01193309,0.05932324,0.8023008,1.531042,0.1587515,0.3001407,1.222389,0.3873154,278.5817,200.1241,55.15658,True
0,3.566658,0.1132623,-0.05640127,-0.02509556,-1.342663,1.553934,-2.526451,0.6288412,1.229588,0.4772763,-1.341041,-0.08926798,0.01529743,0.05303866,-0.03390298,-0.6380827,-4.515585,0.18132,0.7316065,1.447251,0.3843486,0.007458154,0.03780197,0.04222818,-0.8302389,-0.01116357,0.0585978,0.8020493,1.531097,0.1588869,0.3002227,1.222068,0.3872025,278.643,200.0979,55.10655,True
0,3.577769,0.1100412,-0.04679185,-0.01982021,-1.342526,1.554031,-2.527586,0.6288445,1.229491,0.4773569,-1.342128,-0.09790659,0.01637676,0.04983593,-0.03287209,-0.638389,-4.514687,0.1802265,0.7313762,1.447156,0.3844554,0.01066265,0.03567318,0.04326862,-0.8296833,-0.01076796,0.0581163,0.8017842,1.531145,0.1589749,0.300364,1.221746,0.387096,278.6877,200.1443,54.97805,True
0,3.58888,0.1142853,-0.04144438,-0.01879249,-1.342228,1.55415,-2.52903,0.6288728,1.229428,0.4774165,-1.343342,-0.1094364,0.01958689,0.04449142,-0.03080712,-0.6385823,-4.514101,0.1794102,0.7311994,1.447144,0.3845575,0.01070603,0.03248835,0.04754004,-0.8289334,-0.01041402,0.05771656,0.8015548,1.531167,0.1590145,0.3004853,1.221454,0.3870165,278.7308,200.2065,54.85384,True
0,3.599991,0.1164042,-0.03502119,-0.01456963,-1.342097,1.55432,-2.530485,0.6288216,1.229325,0.4774799,-1.34432,-0.08766995,0.02170593,0.02636499,-0.02880925,-0.6388817,-4.514553,0.1794848,0.7310265,1.447051,0.3846407,0.01066774,0.02182427,0.04330176,-0.8286021,-0.01063094,0.05770244,0.8013043,1.531141,0.1591561,0.3005818,1.221201,0.3869781,278.7658,200.2798,54.74111,True
0,3.611102,0.1153239,-0.03076382,-0.01459243,-1.341843,1.5544,-2.531757,0.6288371,1.229273,0.47752,-1.345767,-0.130774,0.02168275,0.01358167,-0.02888627,-0.6392354,-4.514891,0.1795104,0.7309097,1.447065,0.3847072,0.006304231,0.005824155,0.03272148,-0.828617,-0.01123961,0.05818927,0.8011252,1.531185,0.1592031,0.300653,1.221008,0.3869886,278.7885,200.4566,54.5479,True
0,3.622213,0.1206492,-0.02966729,-0.01247912,-1.341583,1.554604,-2.53329,0.6288025,1.229266,0.4774673,-1.346969,-0.1079707,0.02272493,0.00186379,-0.02896437,-0.6395698,-4.515345,0.1796126,0.7307132,1.447192,0.3847797,0.01370917,0.00153859,0.02732949,-0.8285547,-0.01162709,0.05805665,0.8010054,1.53127,0.1592433,0.3007245,1.220868,0.3870424,278.8034,200.4903,54.52015,True
0,3.633324,0.1184953,-0.02112797,-0.008263841,-1.341656,1.554598,-2.534542,0.6288421,1.229204,0.4774895,-1.34799,-0.09164769,0.03019046,-0.01948156,-0.02491247,-0.6398953,-4.516857,0.1802174,0.7306595,1.447192,0.3848362,0.01467018,-0.008068632,0.01668358,-0.8287571,-0.01207184,0.05817036,0.8008589,1.531275,0.1592903,0.3007813,1.220762,0.3871261,278.7997,200.4184,54.61086,True
0,3.644435,0.121661,-0.01043368,-0.00300194,-1.341944,1.554516,-2.535944,0.6289089,1.229078,0.4774868,-1.349408,-0.1280697,0.0365857,-0.02269318,-0.0239318,-0.6401355,-4.517318,0.1800041,0.7305492,1.447214,0.3849282,0.009320003,-0.01233776,0.01354472,-0.8287512,-0.01249715,0.05845532,0.8006666,1.531305,0.1593029,0.3008397,1.220684,0.3872173,278.7977,200.4322,54.63595,True
0,3.655546,0.1163016,-0.0008620284,-0.003044776,-1.342122,1.554255,-2.53703,0.6289141,1.228987,0.4776244,-1.350423,-0.09087461,0.04295231,-0.01096198,-0.02819033,-0.640543,-4.516719,0.1788454,0.7303879,1.447179,0.3849845,0.003994538,-0.003814376,0.01357783,-0.8285813,-0.01216638,0.0583677,0.800452,1.531311,0.1593552,0.300904,1.220622,0.387284,278.7969,200.4406,54.67035,True
0,3.666657,0.1109764,0.0002029873,0.0001534713,-1.342228,1.554289,-2.538114,0.6289488,1.22883,0.4776795,-1.351799,-0.1242752,0.03865669,-0.00346628,-0.03236211,-0.6409962,-4.516106,0.1781077,0.7301245,1.447135,0.3850648,0.003140297,0.01007421,0.03593119,-0.8273984,-0.01156691,0.05796876,0.8002522,1.53141,0.1593945,0.3010098,1.220564,0.3873303,278.7835,200.4484,54.6769,True
0,3.677768,0.1088362,0.00231511,-0.001986871,-1.342204,1.55413,-2.539254,0.6289774,1.228668,0.4777434,-1.352785,-0.08812757,0.03229598,0.002919771,-0.03012339,-0.6412002,-4.515721,0.1777215,0.7299769,1.447065,0.3851352,0.008536167,0.009023475,0.04333848,-0.8266798,-0.01155772,0.05767768,0.8001198,1.53138,0.1594448,0.3011475,1.220498,0.3873688,278.7607,200.3425,54.76763,True
0,3.688879,0.105647,0.00233867,0.004413538,-1.342484,1.554291,-2.540336,0.6290187,1.2286,0.477778,-1.353936,-0.103738,0.0142075,0.0349249,-0.03293485,-0.6414399,-4.513267,0.1762757,0.7298418,1.447119,0.3852191,0.02017601,0.003683643,0.0347141,-0.826651,-0.011646,0.05706728,0.7999274,1.53141,0.1595628,0.3012607,1.22043,0.3874303,278.7485,200.2073,54.8692,True
0,3.69999,0.1045727,0.003377041,0.001208148,-1.342337,1.554223,-2.541425,0.6290511,1.228536,0.4778152,-1.355284,-0.1215465,0.01423711,0.03916751,-0.02971501,-0.6415794,-4.512324,0.1754975,0.7296764,1.44711,0.3852689,0.02226451,0.007935835,0.03043063,-0.8263746,-0.01135732,0.05661987,0.799714,1.531435,0.159621,0.3013652,1.220349,0.387509,278.7362,200.0698,55.00344,True
0,3.711101,0.1024759,-0.006217929,0.001266891,-1.342152,1.554558,-2.542563,0.6290818,1.228444,0.4778211,-1.356411,-0.1011221,0.01849224,0.03596424,-0.02977991,-0.6418692,-4.511754,0.1746799,0.7295405,1.447095,0.3853285,0.02009544,0.01964586,0.02616619,-0.8262031,-0.01054758,0.05591813,0.799552,1.531472,0.1596661,0.3014634,1.220253,0.3876007,278.7282,200.0373,55.04826,True
0,3.722212,0.1003439,-0.003018998,0.003382935,-1.342286,1.554561,-2.543716,0.6290443,1.228377,0.4778774,-1.357689,-0.1152461,0.02802041,0.02851883,-0.03418902,-0.6423848,-4.511482,0.173796,0.7292894,1.447089,0.3853552,0.02011503,0.01964772,0.02829226,-0.8258564,-0.01034545,0.05556712,0.799383,1.531538,0.1596971,0.3015574,1.220163,0.38768,278.7204,200.2381,54.8755,True
0,3.733323,0.09718143,-0.01154008,0.005567812,-1.342149,1.555021,-2.544788,0.6290563,1.228268,0.4778695,-1.358873,-0.1064578,0.03535278,0.001917082,-0.04188766,-0.6432781,-4.512719,0.1740938,0.729169,1.447084,0.3854125,0.02440556,0.0153923,0.03145643,-0.8254079,-0.0103308,0.05514368,0.7991987,1.531577,0.1597123,0.301653,1.220084,0.3877329,278.7312,200.3206,54.82163,True
0,3.744434,0.08975124,-0.01687451,0.008806251,-1.342132,1.555423,-2.545671,0.6291481,1.228156,0.4778159,-1.360159,-0.1158516,0.03749069,-0.003428852,-0.03981337,-0.6436903,-4.512985,0.1739356,0.7290864,1.44707,0.3854568,0.01159349,-0.002719585,0.0284143,-0.8253258,-0.01122189,0.05602066,0.7989926,1.531664,0.1597681,0.3017499,1.220014,0.3877392,278.7393,200.3069,54.8462,True
0,3.755545,0.08975989,-0.02008619,0.005627288,-1.341912,1.555619,-2.546763,0.6291721,1.228054,0.4778194,-1.361159,-0.08967465,0.03852638,-0.004483374,-0.04196429,-0.6442853,-4.512861,0.1734488,0.7289706,1.447089,0.3854761,0.02123087,-0.00697159,0.03365535,-0.8248358,-0.01156984,0.05568004,0.7988374,1.531691,0.1597652,0.3018218,1.219957,0.3877095,278.73,200.234,54.90835,True
0,3.766656,0.08974639,-0.01581561,0.007735559,-1.342049,1.555797,-2.5478,0.6292704,1.227977,0.4777772,-1.362125,-0.0868542,0.03967738,0.005063623,-0.03552663,-0.6443998,-4.5122,0.172425,0.7288241,1.447078,0.3855083,0.02553148,-0.004837696,0.03787232,-0.8242595,-0.01160938,0.05524967,0.7986958,1.531801,0.1597376,0.3019306,1.219886,0.3876241,278.7159,200.1501,54.99786,True
0,3.777767,0.08866945,-0.01155444,0.007710447,-1.342134,1.555769,-2.548779,0.6293062,1.227878,0.4777756,-1.363512,-0.1252747,0.03224857,0.006126429,-0.03331145,-0.644697,-4.512014,0.1721329,0.7287018,1.447056,0.3855619,0.02554555,-0.002708539,0.03893017,-0.8238569,-0.01164973,0.05497217,0.798545,1.531799,0.1597953,0.3020881,1.219806,0.3874694,278.7166,200.1017,55.03961,True
0,3.788878,0.09076464,-0.005179628,0.003411995,-1.342163,1.555601,-2.549732,0.6293696,1.227794,0.4777725,-1.364613,-0.09888357,0.02913359,0.01888375,-0.0278763,-0.6447374,-4.510887,0.1710077,0.7285782,1.446968,0.3855782,0.01697325,-0.003783215,0.03368633,-0.8236763,-0.01177264,0.0551261,0.7984161,1.531819,0.1597893,0.3022597,1.219723,0.3872704,278.7334,199.9854,55.1078,True
0,3.799989,0.08753918,0.005471019,0.005489846,-1.342496,1.555413,-2.550604,0.6293623,1.227601,0.4777911,-1.365695,-0.09738369,0.02592244,0.01889051,-0.02890333,-0.6450357,-4.510619,0.1706412,0.7284596,1.446936,0.3855574,0.02335961,0.001547622,0.03255282,-0.8232987,-0.01139101,0.05433754,0.7981553,1.531736,0.1598573,0.302441,1.219647,0.3870611,278.7411,199.9315,55.09454,True
0,3.8111,0.08643342,0.01610823,0.002230945,-1.342756,1.55481,-2.551448,0.6293739,1.227513,0.4778016,-1.366782,-0.09785904,0.02589405,0.02210565,-0.03207973,-0.6454283,-4.509885,0.1697621,0.728348,1.446881,0.3855746,0.02227429,0.001543513,0.03043236,-0.8230451,-0.0113689,0.05409706,0.7980297,1.53177,0.1598706,0.302586,1.219586,0.3868826,278.748,199.8143,55.13934,True
0,3.822211,0.08429048,0.01929967,0.002221505,-1.343014,1.554591,-2.552289,0.6294113,1.227319,0.4777455,-1.367775,-0.08925997,0.03009106,0.01681219,-0.03855036,-0.6460893,-4.509638,0.1688833,0.7281733,1.446836,0.3855593,0.02117781,0.0004746076,0.02724242,-0.8229162,-0.01137942,0.05388907,0.7978528,1.531837,0.1598966,0.3026949,1.219537,0.3867744,278.7506,199.6145,55.2791,True
0,3.833322,0.08643224,0.01613991,0.006496862,-1.343259,1.554607,-2.553239,0.6294379,1.227239,0.4777293,-1.368886,-0.1001455,0.03327514,0.01041493,-0.03862308,-0.6465404,-4.509686,0.1684396,0.7280647,1.446808,0.3855879,0.02011166,-0.002721321,0.02725961,-0.8226084,-0.01157197,0.05380757,0.7977452,1.531848,0.1598949,0.3027429,1.219494,0.386762,278.731,199.4477,55.41004,True
0,3.844433,0.08754264,0.003360366,0.006568945,-1.34313,1.554968,-2.554337,0.6294749,1.227148,0.4777005,-1.369845,-0.08606164,0.03971033,-0.005616041,-0.03240055,-0.6468813,-4.510623,0.1684817,0.727934,1.446785,0.385627,0.01793039,-0.002735343,0.0219539,-0.8224971,-0.01169288,0.05376736,0.7976005,1.531902,0.1598997,0.3027561,1.219455,0.3868613,278.7093,199.3883,55.47984,True
0,3.855544,0.09076687,-0.006200843,0.007678167,-1.343026,1.555184,-2.555403,0.6295158,1.227022,0.4776845,-1.370924,-0.09731118,0.04185382,-0.008825347,-0.03137909,-0.6472781,-4.510886,0.1680684,0.7278315,1.446776,0.3856657,0.01798905,-0.002721407,0.02834511,-0.8219724,-0.01175972,0.05362727,0.7974676,1.531958,0.1598978,0.3027887,1.2194,0.3870339,278.6756,199.4405,55.49876,True
0,3.866655,0.08866093,-0.01367146,0.006659244,-1.34285,1.55555,-2.556405,0.6295521,1.226946,0.477663,-1.372028,-0.09936253,0.04289263,-0.00454681,-0.03456048,-0.6477287,-4.510653,0.1673602,0.7276979,1.44675,0.3856659,0.01482838,0.0004843641,0.03156197,-0.8215431,-0.01157543,0.053378,0.7973278,1.531994,0.1598725,0.3028537,1.219334,0.3872171,278.6472,199.6192,55.41882,True
0,3.877766,0.08977847,-0.0275039,0.008868102,-1.342571,1.556301,-2.557619,0.6295885,1.226867,0.4776499,-1.373051,-0.0920895,0.04185192,0.003979661,-0.03450201,-0.6481058,-4.50992,0.1662193,0.7275233,1.446757,0.3856647,0.01485924,0.001555722,0.0347551,-0.8210749,-0.01155812,0.05320463,0.7971958,1.532029,0.159863,0.3029677,1.219239,0.3873443,278.635,199.6873,55.44205,True
0,3.888877,0.08872899,-0.03282201,0.008889666,-1.342337,1.556527,-2.558567,0.6295778,1.226749,0.4776506,-1.373965,-0.08205851,0.02696251,0.01892599,-0.03425312,-0.6483828,-4.508521,0.1653461,0.7273105,1.446711,0.3855937,0.01273747,0.0036873,0.03583807,-0.820619,-0.01145798,0.05308426,0.7970545,1.532016,0.1598449,0.3031073,1.219115,0.3873861,278.6321,199.6873,55.48866,True
0,3.899988,0.08984546,-0.04559878,0.008959164,-1.341916,1.557292,-2.559868,0.6295733,1.226707,0.4776244,-1.37509,-0.1014784,0.02065399,0.03275121,-0.02877709,-0.6484547,-4.507276,0.1643024,0.727142,1.446639,0.3856359,0.01063758,0.001557369,0.03905996,-0.8200682,-0.01170632,0.0531828,0.7968517,1.53204,0.1598463,0.3032526,1.218972,0.3873237,278.6386,199.7462,55.44089,True
0,3.911099,0.08558472,-0.04669137,0.006841585,-1.341625,1.55777,-2.560792,0.6296117,1.226644,0.4776101,-1.375965,-0.07846113,0.02394493,0.04122276,-0.02130345,-0.6483343,-4.506074,0.16297,0.7269905,1.446636,0.3856354,0.01058754,0.00261197,0.03373157,-0.8198589,-0.01163215,0.0530286,0.7967359,1.532063,0.159831,0.3033984,1.218808,0.3871468,278.6562,199.7205,55.43951,True
0,3.92221,0.08771986,-0.04561039,0.007897723,-1.341517,1.558191,-2.562034,0.6296175,1.226563,0.4776232,-1.377177,-0.109535,0.02619541,0.04860795,-0.01169263,-0.6480477,-4.505144,0.1617812,0.7269789,1.446683,0.3855977,0.009496778,0.001541222,0.03161503,-0.8195782,-0.01167397,0.05305469,0.7965869,1.53206,0.1598747,0.303504,1.218638,0.3868878,278.6855,199.6766,55.41752,True
0,3.933321,0.08554757,-0.03604413,0.004645204,-1.341411,1.558136,-2.562874,0.6296836,1.226522,0.477612,-1.377889,-0.06344331,0.0272824,0.04646306,-0.00958785,-0.6480552,-4.50435,0.1607891,0.7268727,1.446681,0.3855803,0.005256481,0.005807386,0.0337771,-0.8191154,-0.01141218,0.05296282,0.7964688,1.532092,0.1598625,0.3036136,1.218459,0.3865662,278.7229,199.649,55.36712,True
0,3.944432,0.0844417,-0.02216851,0.009893274,-1.341734,1.558143,-2.563792,0.6297532,1.226428,0.4775693,-1.379173,-0.1162381,0.02721685,0.03796502,-0.01390307,-0.6483955,-4.504102,0.1603676,0.7268244,1.446797,0.3855584,0.00736421,0.004739294,0.03163104,-0.8188016,-0.01139141,0.05281395,0.796322,1.532157,0.159878,0.3037325,1.218284,0.3862211,278.7647,199.6814,55.23704,True
0,3.955544,0.08227385,-0.0126009,0.00771068,-1.341841,1.558005,-2.564602,0.6298106,1.226335,0.4775414,-1.3799,-0.06483732,0.02715766,0.01879925,-0.0161526,-0.6487429,-4.504815,0.1606677,0.7268306,1.446835,0.385601,0.006358612,0.00155676,0.0380345,-0.8182429,-0.01155226,0.05286827,0.7962373,1.532177,0.1598849,0.3038585,1.218124,0.3859049,278.7968,199.6571,55.15334,True
0,3.966655,0.08010698,-0.004077638,0.008727594,-1.342093,1.557837,-2.565284,0.6299502,1.22624,0.4774792,-1.380908,-0.09101891,0.02385331,0.005000727,-0.02365664,-0.6493192,-4.505347,0.1609865,0.7267887,1.446818,0.385601,0.01059094,0.005817628,0.03479265,-0.8179036,-0.01112536,0.0522949,0.7961035,1.532198,0.159934,0.3039858,1.217999,0.3856726,278.8233,199.7127,55.00718,True
0,3.977766,0.07475249,0.003354348,0.007627722,-1.342292,1.557622,-2.565891,0.6300343,1.226144,0.4774439,-1.381817,-0.08169891,0.03019722,0.003949977,-0.02799234,-0.649766,-4.505233,0.1603409,0.7267259,1.44681,0.3856027,0.008380141,0.003670363,0.02629076,-0.8179463,-0.01115798,0.0522901,0.7960391,1.532222,0.1599405,0.3041119,1.217921,0.3855469,278.8194,199.7548,54.92217,True
0,3.988877,0.06941377,0.005470064,0.007621043,-1.342403,1.557521,-2.566382,0.6301147,1.22599,0.4773924,-1.382651,-0.07489745,0.02911559,0.006090933,-0.03010355,-0.6501938,-4.504945,0.1597849,0.7265717,1.446782,0.3856261,0.006241623,0.00259946,0.02631716,-0.8176107,-0.01130432,0.05249357,0.7958893,1.53221,0.1599274,0.304239,1.217885,0.3855279,278.8055,199.7348,54.94541,True
0,3.999988,0.0662251,0.005480569,0.009749808,-1.342582,1.557401,-2.56703,0.6301138,1.22596,0.4772897,-1.383525,-0.07863317,0.02804569,0.003962201,-0.03010571,-0.6505352,-4.504926,0.1595106,0.7264737,1.44682,0.3855779,0.005146278,0.001528102,0.02313572,-0.8174434,-0.01133521,0.0524965,0.7957557,1.532264,0.1599131,0.3043878,1.217888,0.3855972,278.7823,199.7229,54.99675,True
0,4.011099,0.05875677,0.008650012,0.009743227,-1.34276,1.557282,-2.567395,0.6301738,1.225866,0.4772477,-1.384314,-0.07083138,0.02918264,0.004988808,-0.02371993,-0.6505703,-4.504704,0.1589454,0.726351,1.446848,0.3855956,0.009407559,0.005786183,0.02308282,-0.8172043,-0.01111497,0.05208024,0.7956598,1.532288,0.1599414,0.3045234,1.217926,0.3857253,278.7508,199.6122,55.16824,True
0,4.02221,0.05449646,0.006479762,0.00550127,-1.34268,1.557223,-2.567831,0.6302177,1.225785,0.4772215,-1.385367,-0.09511562,0.0333872,0.007142646,-0.02908192,-0.6510987,-4.504367,0.1582203,0.7262087,1.446814,0.3856483,0.006231721,0.004725724,0.02524556,-0.8168378,-0.01112336,0.05210874,0.7955815,1.532322,0.1599314,0.3046248,1.217993,0.3858674,278.7123,199.5008,55.35813,True
0,4.033321,0.05132188,0.001152652,0.00552776,-1.34263,1.55722,-2.568357,0.6300998,1.225832,0.4771981,-1.385972,-0.05397263,0.0333593,0.01035574,-0.03225845,-0.6515226,-4.503907,0.157478,0.7261482,1.446789,0.3856502,0.008362878,0.008986535,0.02521691,-0.8165433,-0.0108095,0.05173776,0.7954948,1.53235,0.1599238,0.304675,1.218085,0.3859817,278.6775,199.4228,55.51051,True
0,4.044433,0.05027903,-0.003080162,0.009830568,-1.34299,1.55755,-2.568983,0.6300275,1.225955,0.4776261,-1.386838,-0.0781625,0.02375119,0.007180541,-0.03324104,-0.6519141,-4.503913,0.157633,0.72602,1.446737,0.385695,0.005158134,0.005790466,0.02418882,-0.8163217,-0.01088208,0.05183204,0.7954298,1.53238,0.1599078,0.3047308,1.218182,0.3860523,278.6509,199.2892,55.69255,True
0,4.055544,0.05348418,-0.008420117,0.004527285,-1.342736,1.557624,-2.569694,0.6299639,1.22591,0.4776366,-1.387729,-0.0802452,0.01846951,0.01249528,-0.02995646,-0.6521075,-4.50336,0.1571585,0.725971,1.446692,0.3856726,0.007256934,0.00365287,0.02097792,-0.816188,-0.01095265,0.05173723,0.7953062,1.532408,0.1598866,0.3047691,1.218282,0.3860674,278.6425,199.1144,55.88546,True
0,4.066655,0.05138494,-0.01802051,0.003526307,-1.342556,1.558093,-2.570305,0.6299304,1.225845,0.4775839,-1.388533,-0.07232391,0.01429278,0.01671664,-0.02242843,-0.6520388,-4.502847,0.1567638,0.7258767,1.446726,0.3857176,0.008332059,0.002589532,0.02203527,-0.8158935,-0.01098847,0.05162964,0.7952245,1.532441,0.1598675,0.3047384,1.218406,0.3860446,278.6583,199.0292,55.91111,True
0,4.077766,0.05353354,-0.02226398,0.004611961,-1.34246,1.558417,-2.571043,0.6298388,1.225785,0.4775877,-1.389409,-0.07911086,0.01323832,0.01458298,-0.02136504,-0.6522231,-4.502658,0.1564445,0.7256341,1.446768,0.3857205,0.00515688,0.005790251,0.02418946,-0.8155468,-0.01078873,0.05153297,0.7951509,1.532467,0.1598487,0.3047111,1.218549,0.3860531,278.6582,198.9139,55.92924,True
0,4.088878,0.04928009,-0.02441759,0.002509298,-1.342379,1.558703,-2.571566,0.6297367,1.225758,0.477669,-1.389943,-0.04767526,0.00903244,0.007093465,-0.01497102,-0.6521927,-4.503023,0.1567696,0.7254755,1.446758,0.3857312,0.0008582566,0.006846815,0.01996343,-0.8155116,-0.01064945,0.05153243,0.7950778,1.532483,0.1598518,0.3047119,1.21866,0.3860728,278.636,198.5325,56.3204,True
0,4.099989,0.04930744,-0.03295673,0.000429377,-1.341931,1.559322,-2.572266,0.6296512,1.225727,0.4776573,-1.390768,-0.07452124,0.008984781,0.01245296,-0.02026539,-0.6525629,-4.502393,0.1561853,0.725305,1.446703,0.3856704,-0.002387358,0.008967252,0.01466302,-0.8155047,-0.01039432,0.05149622,0.7950113,1.532524,0.1598465,0.3047454,1.218706,0.3860533,278.6097,198.2095,56.69685,True
0,4.1111,0.04825857,-0.03613564,0.003645651,-1.341808,1.559818,-2.572883,0.6295761,1.225703,0.4776778,-1.391248,-0.04285793,0.006892653,0.02096665,-0.01806002,-0.6525858,-4.501467,0.1554407,0.7251012,1.446749,0.3856635,-0.006666521,0.0110929,0.01256693,-0.8154599,-0.01015011,0.05152844,0.7949129,1.53253,0.1598406,0.3047627,1.218682,0.3859789,278.5998,198.0102,56.9032,True
0,4.122211,0.04614856,-0.04254147,0.002618842,-1.341402,1.560396,-2.57347,0.6294814,1.225688,0.4776924,-1.391982,-0.06629105,0.004830848,0.03798702,-0.01367077,-0.6523882,-4.499874,0.1542964,0.7249314,1.44673,0.3855677,-0.008804215,0.01215255,0.0125861,-0.8152623,-0.01004984,0.05171806,0.7947689,1.5325,0.1597757,0.3047471,1.218602,0.3858628,278.6122,198.0197,56.86259,True
0,4.133323,0.04507035,-0.04040632,0.003671207,-1.341248,1.560703,-2.57392,0.6294694,1.225657,0.4776621,-1.392577,-0.05345382,-0.001599353,0.03801002,-0.01679282,-0.6525645,-4.499335,0.1541467,0.7248188,1.446721,0.3855419,-0.009798288,0.01216618,0.02005225,-0.8147888,-0.009925601,0.05175934,0.7946784,1.532491,0.1597741,0.3047293,1.218474,0.3856978,278.6453,198.1154,56.73289,True
0,4.144434,0.0429154,-0.03403325,0.00257392,-1.341152,1.560902,-2.57438,0.6293932,1.225593,0.477576,-1.393143,-0.05089672,-0.000565961,0.03269435,-0.01896767,-0.6528286,-4.498979,0.1538255,0.724656,1.446694,0.3855789,-0.009788016,0.01430259,0.02111535,-0.814458,-0.009563012,0.05161339,0.7945766,1.53252,0.1598492,0.3047122,1.218321,0.3854962,278.6798,198.296,56.5041,True
0,4.155545,0.04502075,-0.02656798,0.002526217,-1.341132,1.560974,-2.575005,0.6293533,1.225482,0.4775167,-1.393672,-0.04747954,0.0004518051,0.03164897,-0.02324202,-0.6531317,-4.498438,0.1533347,0.7245229,1.446707,0.385577,-0.01402069,0.01537583,0.02434564,-0.8141166,-0.009281916,0.05172951,0.7945615,1.532508,0.1598401,0.3047033,1.218164,0.3852692,278.721,198.4633,56.28362,True
0,4.166656,0.04710057,-0.01271638,0.001379862,-1.341327,1.560674,-2.575537,0.6293055,1.225389,0.477483,-1.394299,-0.0565674,0.003630051,0.03378932,-0.0253935,-0.6533933,-4.497535,0.1524439,0.7243347,1.446719,0.3855059,-0.01724039,0.01217757,0.02225405,-0.813902,-0.009263273,0.05208184,0.7944738,1.532524,0.1597326,0.3047146,1.21803,0.3850381,278.7529,198.6164,56.08077,True
0,4.177768,0.0470817,-0.006313281,0.003474865,-1.341494,1.560661,-2.576054,0.6292515,1.225295,0.4774325,-1.39508,-0.07058179,0.002514124,0.03807864,-0.03067841,-0.6538071,-4.496628,0.1517648,0.7241935,1.446745,0.3854816,-0.01510323,0.01537956,0.02328885,-0.8136452,-0.008812133,0.0519098,0.7944223,1.532499,0.1597388,0.3047141,1.217934,0.3848176,278.7686,198.6274,56.02944,True
0,4.188879,0.04705341,0.002211186,0.004489808,-1.341691,1.560463,-2.576548,0.6291763,1.225247,0.4773214,-1.395656,-0.05169169,-0.002727795,0.05084297,-0.0252201,-0.6537623,-4.494887,0.1505527,0.7239555,1.446704,0.3854113,-0.01828104,0.01005408,0.02546042,-0.813266,-0.009012936,0.05238358,0.7944247,1.532551,0.1597784,0.3047202,1.217862,0.3846381,278.7711,198.4792,56.12904,True
0,4.19999,0.05130404,0.0064941,0.004453098,-1.341823,1.560186,-2.577255,0.6291304,1.225295,0.4772885,-1.396126,-0.04219402,-0.008989312,0.05291704,-0.0134223,-0.653398,-4.493749,0.1499394,0.7238015,1.44671,0.3853638,-0.02256696,0.002590163,0.02338722,-0.8130695,-0.009414674,0.05313539,0.7943228,1.532553,0.159718,0.3047105,1.217812,0.384537,278.7607,198.342,56.22366,True
0,4.211102,0.04920341,0.0001111859,0.005556467,-1.341852,1.560335,-2.577798,0.6290107,1.225328,0.4773419,-1.39669,-0.05082265,-0.009984851,0.04754703,-0.00598699,-0.653201,-4.493267,0.1497083,0.7236005,1.446685,0.3853519,-0.02251309,0.01112005,0.02869575,-0.8125741,-0.008903347,0.05298439,0.7942401,1.532602,0.1597326,0.3046778,1.217781,0.3845091,278.7402,198.3159,56.25206,True
0,4.222213,0.04813295,0.001166655,0.004490364,-1.341925,1.560312,-2.5783,0.6289612,1.225296,0.4774477,-1.397475,-0.07093903,-0.006749853,0.03686105,-0.0007618405,-0.6530539,-4.493125,0.149524,0.7234391,1.446677,0.3854008,-0.02467737,0.01963581,0.02443976,-0.8124031,-0.008185492,0.05276947,0.7941505,1.532617,0.1597962,0.3046125,1.217777,0.3845361,278.7291,198.4393,56.15965,True
0,4.233324,0.04703908,0.008590749,-0.000875257,-1.342007,1.559932,-2.578794,0.6287439,1.225161,0.4774573,-1.397779,-0.02684691,0.001511272,0.0209909,-0.02225375,-0.6540702,-4.49343,0.1495232,0.7231867,1.446614,0.3854659,-0.02577362,0.01963101,0.02125827,-0.8122034,-0.007927032,0.05293911,0.7939514,1.532585,0.1598034,0.3045444,1.2178,0.3846177,278.7306,198.5453,56.07847,True
0,4.244435,0.04702679,0.01176996,-0.001962884,-1.341948,1.55979,-2.579294,0.6286725,1.225092,0.477396,-1.398293,-0.04641264,0.004620329,0.01144348,-0.02873669,-0.6545997,-4.493441,0.1493916,0.7229994,1.446594,0.3855133,-0.02687647,0.01855801,0.01700915,-0.8121443,-0.007686016,0.05306535,0.7938347,1.532666,0.1599247,0.3044734,1.21784,0.3847384,278.7268,198.5468,56.09324,True
0,4.255547,0.04592865,0.02136391,-0.0009555155,-1.34225,1.559256,-2.579631,0.6285708,1.22506,0.4774125,-1.398915,-0.05609254,0.00563377,0.01573316,-0.0340484,-0.6550663,-4.492825,0.1488611,0.7227754,1.446548,0.3855233,-0.02148984,0.02389546,0.02334207,-0.811609,-0.007151253,0.05278039,0.7937063,1.532685,0.15995,0.3044002,1.217882,0.3848943,278.7075,198.3412,56.31621,True
0,4.266658,0.04910996,0.02454741,-0.003111637,-1.34225,1.558978,-2.580228,0.6284707,1.224969,0.4774091,-1.399418,-0.04519993,0.007813362,0.02103705,-0.03084383,-0.6552473,-4.492059,0.1480286,0.7225288,1.446591,0.385493,-0.02038342,0.02283534,0.02759686,-0.8110929,-0.006942861,0.05280463,0.7935932,1.532685,0.1599491,0.3042628,1.217905,0.3850715,278.6712,198.0553,56.65041,True
0,4.277769,0.05017585,0.02349306,-0.003114217,-1.342319,1.55861,-2.5807,0.6283779,1.224942,0.4774277,-1.399883,-0.04175144,-0.004890613,0.02101167,-0.02324926,-0.6551626,-4.491771,0.1483362,0.7223283,1.446566,0.385474,-0.01828074,0.02602412,0.02437606,-0.8109118,-0.006397579,0.05255695,0.793571,1.532669,0.1599591,0.3041416,1.217887,0.385242,278.6501,198.0314,56.73512,True
0,4.28888,0.04914027,0.01495157,-0.004127843,-1.342108,1.558802,-2.581245,0.6282253,1.224878,0.4774425,-1.400625,-0.06707961,-0.008030619,0.01779395,-0.01790533,-0.6551067,-4.491548,0.148308,0.7220725,1.446565,0.3854313,-0.02484201,0.03131538,0.006316794,-0.8114268,-0.005653624,0.0525178,0.7934787,1.532665,0.1599829,0.3040175,1.217852,0.3854063,278.6421,198.1877,56.6184,True
0,4.299992,0.05024172,0.003218878,-0.006195899,-1.341717,1.559077,-2.581877,0.628034,1.22488,0.4774787,-1.401083,-0.04093709,-0.00706435,0.02211086,-0.0274727,-0.6556143,-4.490788,0.1477801,0.7218101,1.446554,0.3854158,-0.02591595,0.02918099,0.005265879,-0.8113555,-0.005371995,0.05263365,0.7934444,1.532746,0.1599405,0.303915,1.217792,0.3855557,278.6417,198.2712,56.56779,True
0,4.311103,0.05453271,-0.006370733,-0.009343348,-1.341325,1.559282,-2.582672,0.6277934,1.224874,0.4774625,-1.40156,-0.0430156,-0.01360466,0.02219516,-0.04124969,-0.6564857,-4.490438,0.1479029,0.7216135,1.446584,0.3854005,-0.02482163,0.03344852,0.008440197,-0.8111743,-0.004680905,0.05241474,0.793309,1.532841,0.1599553,0.3038166,1.21772,0.385684,278.6449,198.3618,56.50545,True
0,4.322214,0.05668559,-0.01384585,-0.01249924,-1.340843,1.559593,-2.583465,0.6275914,1.224861,0.4774492,-1.402177,-0.05563477,-0.02111579,0.02331264,-0.0464883,-0.6570833,-4.489647,0.1477338,0.7212939,1.446578,0.3853829,-0.02466716,0.04200319,0.02440315,-0.8103131,-0.00374294,0.0520102,0.7931817,1.532853,0.1599751,0.3037021,1.217637,0.3857561,278.6526,198.4022,56.49766,True
0,4.333325,0.06521757,-0.01809856,-0.01675071,-1.340409,1.559663,-2.584518,0.627256,1.224885,0.4774408,-1.402922,-0.06727098,-0.03058821,0.04565738,-0.03985657,-0.6571169,-4.487731,0.1467934,0.7208608,1.446615,0.3853579,-0.03314589,0.04947167,0.02872906,-0.8098454,-0.00264585,0.05186293,0.7929699,1.532845,0.1599936,0.3035491,1.217553,0.3857507,278.6759,198.4309,56.48333,True
0,4.344437,0.06945199,-0.01062591,-0.01679876,-1.340324,1.559482,-2.585386,0.6270548,1.224835,0.47737,-1.403483,-0.05027698,-0.0367831,0.06582426,-0.02475587,-0.6567169,-4.485409,0.1455348,0.7205249,1.446664,0.3853471,-0.03639609,0.04626353,0.02237516,-0.8097922,-0.002146241,0.05194043,0.7928108,1.532929,0.1601169,0.3033655,1.217461,0.3856685,278.7032,198.3988,56.50822,True
0,4.355548,0.07157534,-0.007440049,-0.0200177,-1.34007,1.559282,-2.586311,0.6267905,1.224857,0.4773271,-1.404373,-0.08055677,-0.04398903,0.07421832,-0.002251508,-0.6558061,-4.483983,0.1451934,0.7201691,1.446753,0.3852928,-0.03965321,0.04518838,0.01601299,-0.8098491,-0.001475924,0.05200541,0.7927148,1.533031,0.1601386,0.3031659,1.217356,0.3855235,278.7382,198.3556,56.51628,True
0,4.366659,0.07154681,0.002155583,-0.01687338,-1.340143,1.55913,-2.587067,0.626593,1.224881,0.4773533,-1.40487,-0.04437634,-0.04388158,0.07096372,0.008381258,-0.6552649,-4.482872,0.1447535,0.7198354,1.446836,0.3853018,-0.04073804,0.04518588,0.01389248,-0.8097134,-0.0007503456,0.05196866,0.7926005,1.532972,0.1601746,0.3029235,1.217238,0.3853544,278.7721,198.2747,56.53661,True
0,4.37777,0.07257353,0.01280412,-0.01907263,-1.34014,1.558437,-2.587773,0.6264479,1.22491,0.4773104,-1.405528,-0.05933525,-0.04284218,0.05924686,0.00723053,-0.6552894,-4.482553,0.1448315,0.7195173,1.446825,0.3852952,-0.04607461,0.0441215,0.01287471,-0.8096324,-8.934905E-05,0.05219689,0.7925386,1.532986,0.1602118,0.3026966,1.217098,0.385207,278.7944,198.3136,56.44231,True
0,4.388882,0.07358697,0.02770602,-0.01916448,-1.340205,1.557785,-2.588469,0.6261574,1.224974,0.477248,-1.405998,-0.04200971,-0.04192473,0.04547043,-0.004578831,-0.6557353,-4.482357,0.1450954,0.7191795,1.446853,0.3852866,-0.04823589,0.04731439,0.009694755,-0.8095797,0.0008780442,0.05207971,0.7924407,1.532992,0.1601944,0.3024703,1.216951,0.3851129,278.8271,198.4675,56.23832,True
0,4.399993,0.07566854,0.04154228,-0.0203182,-1.340316,1.556958,-2.589232,0.6259236,1.224991,0.477205,-1.406725,-0.06566857,-0.03366389,0.04133881,-0.02812913,-0.6567265,-4.481458,0.1444794,0.718766,1.446892,0.3852596,-0.04602871,0.05053227,0.01712549,-0.8090806,0.001911218,0.05173883,0.7922817,1.533019,0.1601899,0.302274,1.216825,0.3851011,278.8558,198.7749,55.8957,True
0,4.411104,0.07885908,0.04369169,-0.01927125,-1.340447,1.556365,-2.590074,0.6256617,1.224965,0.4771974,-1.407416,-0.06209349,-0.03466395,0.05302678,-0.02378237,-0.6566184,-4.479995,0.1437705,0.7184036,1.446977,0.3852541,-0.0492107,0.05266159,0.01821804,-0.808827,0.002687662,0.05179476,0.7920568,1.53308,0.1602075,0.3020715,1.216753,0.3851906,278.8818,199.0577,55.6146,True
0,4.422215,0.08101398,0.03731083,-0.01816895,-1.340429,1.556188,-2.591001,0.6254337,1.224952,0.4771814,-1.408242,-0.07459084,-0.04096974,0.06259673,-0.01726604,-0.6564287,-4.478138,0.1429665,0.7180218,1.447059,0.3851943,-0.04710577,0.0483937,0.01501122,-0.8087407,0.00323108,0.05177372,0.7918293,1.533195,0.1601908,0.3017944,1.216766,0.3853767,278.8907,199.2355,55.47636,True
0,4.433327,0.07683607,0.01385584,-0.01909033,-1.339926,1.556556,-2.591835,0.6250658,1.22496,0.4772117,-1.40902,-0.06991564,-0.04286551,0.07633533,0.002015166,-0.6555829,-4.476134,0.1418607,0.717539,1.44716,0.3851581,-0.04602895,0.04413207,0.01607538,-0.8085229,0.003665841,0.0519359,0.7916067,1.533158,0.1602049,0.3014994,1.216837,0.3856542,278.8741,199.2121,55.56664,True
0,4.444438,0.07689851,-0.003183838,-0.01792327,-1.339512,1.557005,-2.592794,0.6247916,1.224975,0.4772458,-1.409761,-0.06665312,-0.04077122,0.07102653,-0.0001723636,-0.6555824,-4.474918,0.1413332,0.7171707,1.447232,0.3851626,-0.04814063,0.04626779,0.01715605,-0.8082917,0.004504204,0.05182432,0.7913837,1.533205,0.1602869,0.3012232,1.216926,0.3859889,278.8312,199.0726,55.80362,True
0,4.455549,0.07696714,-0.02343553,-0.01993747,-1.338797,1.557628,-2.593801,0.624484,1.225073,0.4772422,-1.410314,-0.0494681,-0.03871265,0.06252838,-0.005573198,-0.6557965,-4.474277,0.14118,0.7167811,1.447181,0.3851686,-0.04808218,0.04202139,0.02355915,-0.8077714,0.004979179,0.05204695,0.7910858,1.533239,0.1603217,0.3009811,1.216992,0.3863088,278.7882,198.9029,56.09694,True
0,4.46666,0.07915117,-0.03942169,-0.02197563,-1.338062,1.558342,-2.59491,0.6242076,1.225111,0.477288,-1.411188,-0.07895377,-0.04097993,0.04981201,-0.01628394,-0.6563584,-4.473973,0.1414708,0.7164111,1.447258,0.3852103,-0.04695158,0.04203497,0.02993932,-0.8072297,0.005610348,0.05200275,0.7908697,1.53329,0.160347,0.3007283,1.217016,0.3865314,278.7758,198.7761,56.33063,True
0,4.477772,0.07918765,-0.05007115,-0.02191623,-1.337385,1.558938,-2.595886,0.6238465,1.225268,0.4772768,-1.412015,-0.0744294,-0.04206974,0.05515884,-0.01943572,-0.6565598,-4.472609,0.1408852,0.7160298,1.447289,0.3852439,-0.0448428,0.03883546,0.02779718,-0.8069543,0.006049237,0.05213617,0.7906765,1.533319,0.1603775,0.3005097,1.216988,0.3866116,278.7874,198.7958,56.37269,True
0,4.488883,0.07815885,-0.06072406,-0.02184744,-1.336712,1.559725,-2.596871,0.6235796,1.225297,0.4773138,-1.412909,-0.08050313,-0.03237446,0.06362146,-0.01096432,-0.6562045,-4.470826,0.139462,0.7156978,1.447362,0.3852613,-0.04597027,0.03243135,0.02142511,-0.8069708,0.006236191,0.05255855,0.7903988,1.533423,0.1604574,0.300314,1.216917,0.3865251,278.8309,198.8573,56.31793,True
0,4.499994,0.07608083,-0.07244219,-0.01964044,-1.336026,1.560768,-2.598004,0.6232532,1.225405,0.4773731,-1.41363,-0.06475756,-0.02378739,0.06783806,-0.00570641,-0.6560005,-4.469326,0.1382543,0.7153305,1.447471,0.3852,-0.0460361,0.03880769,0.0139544,-0.8070641,0.007176687,0.05239183,0.7901601,1.533421,0.1604843,0.3001347,1.216809,0.3862884,278.8904,198.8919,56.22499,True
0,4.511106,0.0739889,-0.08309228,-0.01851261,-1.335231,1.561695,-2.598959,0.6229484,1.225515,0.4774187,-1.414408,-0.06998703,-0.02481506,0.06355263,-0.001460062,-0.6558306,-4.468471,0.1378958,0.7148717,1.447485,0.3851957,-0.04281208,0.0345542,0.01712545,-0.8067828,0.007516106,0.05254923,0.7899053,1.533477,0.1604869,0.2999258,1.216701,0.385936,278.9592,198.954,56.06227,True
0,4.522217,0.06973909,-0.08630318,-0.01848729,-1.334503,1.562538,-2.599793,0.6226779,1.225551,0.4774613,-1.41532,-0.08229818,-0.02159972,0.06247059,0.0006295182,-0.6556702,-4.467386,0.1371789,0.7144885,1.447545,0.3851621,-0.03417957,0.02818347,0.02877644,-0.8060845,0.007571367,0.05258438,0.7896028,1.533548,0.1605239,0.2997514,1.216586,0.3855164,279.023,198.9172,55.97456,True
0,4.533328,0.06551041,-0.09482231,-0.01523728,-1.33374,1.563628,-2.600591,0.6224576,1.225579,0.4774382,-1.416004,-0.06121367,-0.01846186,0.06463309,-0.005779628,-0.6558061,-4.466051,0.136111,0.7141552,1.447701,0.3851197,-0.02663134,0.02393887,0.03830392,-0.8053239,0.007706123,0.05253671,0.7893701,1.533594,0.1605237,0.2995876,1.216479,0.3850633,279.0868,198.8632,55.89672,True
0,4.544439,0.06444272,-0.09483794,-0.01736522,-1.333001,1.564412,-2.601486,0.6222478,1.225588,0.4774437,-1.416707,-0.06321922,-0.01533989,0.06360659,-0.01221232,-0.6560612,-4.464745,0.1351615,0.713798,1.447712,0.3850849,-0.02445681,0.02394872,0.04254591,-0.8047146,0.008075237,0.05242406,0.7891434,1.533656,0.1605365,0.2994362,1.216387,0.3846172,279.1557,198.756,55.87549,True
0,4.555551,0.06123373,-0.08949993,-0.01420025,-1.332513,1.564999,-2.602207,0.6220689,1.225605,0.477478,-1.417423,-0.06439622,-0.01006079,0.06681743,-0.01757688,-0.6563461,-4.463479,0.134039,0.7134835,1.447686,0.3850932,-0.02447756,0.02714147,0.04041288,-0.8042693,0.008645686,0.05234709,0.7888864,1.533669,0.1605518,0.2993177,1.216309,0.3842124,279.2106,198.6001,55.92792,True
0,4.566662,0.06544434,-0.07456487,-0.01323115,-1.332199,1.565228,-2.603148,0.6219578,1.225533,0.4774382,-1.418391,-0.08743653,-0.002626322,0.0668184,-0.01978915,-0.6565694,-4.462188,0.132782,0.7131422,1.447749,0.3850319,-0.03419507,0.02392023,0.02666234,-0.8044248,0.008946357,0.0528712,0.7886519,1.533755,0.1605661,0.299245,1.216244,0.383846,279.2541,198.4511,56.00824,True
0,4.577773,0.0675303,-0.0606957,-0.01118418,-1.332047,1.565369,-2.604032,0.6218077,1.225504,0.4774499,-1.419078,-0.06150986,-0.002548277,0.07103715,-0.01336874,-0.6563179,-4.460817,0.1316997,0.7127646,1.447845,0.3850107,-0.03637753,0.02177852,0.02135929,-0.8043562,0.009126387,0.05321076,0.788321,1.533748,0.1605844,0.2991999,1.216189,0.3835347,279.2961,198.2534,56.13452,True
0,4.588884,0.06962463,-0.04787933,-0.005931538,-1.332095,1.565633,-2.604955,0.6216978,1.225599,0.4775565,-1.420151,-0.09710773,0.002904069,0.07309089,-0.00169163,-0.6557805,-4.459425,0.130427,0.7124398,1.447818,0.3849723,-0.03314683,0.0217849,0.02559055,-0.8038874,0.009403622,0.05334472,0.7880759,1.533715,0.16049,0.2991668,1.216151,0.3833041,279.324,198.1041,56.21841,True
0,4.599996,0.07065373,-0.03507106,-0.001744507,-1.332159,1.56576,-2.605841,0.6214802,1.225607,0.4776814,-1.420914,-0.06836786,0.005094945,0.06879389,0.004651384,-0.6554119,-4.45832,0.1294243,0.7121204,1.447878,0.3849769,-0.0319976,0.02074144,0.03517423,-0.8030773,0.009682721,0.05353966,0.7876953,1.533819,0.160563,0.2991478,1.216113,0.383173,279.3311,197.9092,56.37417,True
0,4.611107,0.07063103,-0.02867942,-0.001781585,-1.332085,1.56583,-2.606655,0.6213819,1.225558,0.4777136,-1.421677,-0.06875379,0.009332377,0.06452747,0.003515759,-0.6553523,-4.457481,0.1285694,0.7117264,1.447855,0.3849809,-0.03303498,0.0207493,0.03838106,-0.8025202,0.009984723,0.05377482,0.7874947,1.533905,0.1605573,0.2991038,1.21608,0.3831499,279.3329,197.8969,56.36001,True
0,4.622218,0.07378611,-0.01587,0.0002614246,-1.332198,1.565533,-2.607533,0.6213828,1.225395,0.4777,-1.422432,-0.06787509,0.009250317,0.05604687,-0.002927281,-0.6555749,-4.456823,0.1279313,0.711419,1.447923,0.3849936,-0.02553196,0.01862407,0.04364394,-0.8018256,0.0100035,0.05386776,0.787184,1.534019,0.1606312,0.299026,1.21607,0.3832318,279.3349,198.0421,56.20316,True
0,4.633329,0.08120386,-0.004119645,0.000174864,-1.332351,1.565085,-2.60862,0.6213243,1.225291,0.4777613,-1.423141,-0.0637655,0.01759941,0.04652139,-0.01692232,-0.6562034,-4.45653,0.1273124,0.711138,1.447915,0.3850019,-0.02554241,0.01968422,0.04257748,-0.801383,0.01028073,0.05397429,0.7869288,1.534081,0.1606562,0.2988959,1.216077,0.3834021,279.3228,198.0756,56.19754,True
0,4.644441,0.08440452,-0.004091828,0.003364634,-1.332414,1.565235,-2.609676,0.6213026,1.225142,0.4778247,-1.42407,-0.08392385,0.02070944,0.04337071,-0.02443248,-0.6566679,-4.455653,0.1263044,0.7108717,1.447875,0.385036,-0.02451202,0.01648016,0.03937843,-0.8010645,0.01032241,0.05426697,0.786676,1.534083,0.1607733,0.2988115,1.216062,0.383626,279.2993,198.0122,56.33603,True
0,4.655552,0.08230413,-0.01154666,0.00340164,-1.332204,1.565391,-2.6106,0.6212903,1.225058,0.4778795,-1.425124,-0.0950111,0.02712958,0.04547104,-0.02235813,-0.6567653,-4.454805,0.1250913,0.7106652,1.447881,0.3850472,-0.02454146,0.02073127,0.03617668,-0.8007156,0.01072881,0.05423288,0.7864268,1.534161,0.1608176,0.2988033,1.215997,0.38388,279.2693,197.9129,56.51115,True
0,4.666663,0.08768122,-0.02537433,0.004538884,-1.331879,1.566132,-2.611908,0.6212005,1.224949,0.4778924,-1.425771,-0.05781726,0.02809517,0.04766086,-0.03194726,-0.6574056,-4.453625,0.1238357,0.7104265,1.447804,0.385092,-0.0192061,0.01966878,0.03719475,-0.8002575,0.01098021,0.05410451,0.7861511,1.534185,0.1607459,0.2988234,1.215877,0.3841519,279.2411,197.8638,56.61834,True
0,4.677774,0.08985452,-0.03709413,0.00247084,-1.331443,1.566758,-2.6132,0.6211221,1.224826,0.477927,-1.426435,-0.05976077,0.02483258,0.04556347,-0.03724865,-0.6579025,-4.452924,0.1232085,0.7102395,1.447827,0.3851006,-0.01383957,0.01967404,0.04140659,-0.7996173,0.01119446,0.0539085,0.7859153,1.534279,0.1607738,0.2988726,1.215688,0.3843948,279.2202,197.9682,56.58015,True
0,4.688886,0.09417552,-0.05413596,0.001492301,-1.33073,1.567837,-2.614675,0.6210618,1.224708,0.4777749,-1.427517,-0.09776336,0.02160205,0.0391853,-0.0393815,-0.6583489,-4.452608,0.1228386,0.7099793,1.447706,0.385051,-0.008468919,0.01329127,0.04669606,-0.7989121,0.01103973,0.05400358,0.7856314,1.534367,0.1607492,0.298913,1.215453,0.3845556,279.2283,198.2183,56.39789,True
0,4.699997,0.09739891,-0.0626443,0.0004638359,-1.330192,1.568524,-2.616018,0.6210634,1.224572,0.4777451,-1.428423,-0.08137894,0.02161898,0.03597661,-0.03727029,-0.6586477,-4.452087,0.1221938,0.7097638,1.447652,0.3850577,-0.008480057,0.01009092,0.04563274,-0.7985057,0.01095864,0.05416896,0.7852485,1.534452,0.1607633,0.2989349,1.215176,0.3845785,279.2479,198.4084,56.25609,True
0,4.711108,0.102739,-0.06582192,0.00153912,-1.329768,1.569388,-2.617567,0.6210546,1.224533,0.4776983,-1.429385,-0.08669032,0.03442042,0.03275094,-0.03529374,-0.658898,-4.45147,0.1208303,0.7095607,1.447632,0.3849661,-0.007419042,0.009026718,0.04562677,-0.7979587,0.01102163,0.05422329,0.7849904,1.534461,0.1607165,0.2989819,1.21498,0.3844748,279.2762,198.1579,56.55212,True
0,4.722219,0.1058671,-0.04555523,0.004608804,-1.329961,1.569299,-2.618827,0.6212656,1.224304,0.4776309,-1.430267,-0.07925692,0.04191211,0.03590632,-0.03215808,-0.6590993,-4.450719,0.1195991,0.7093499,1.44761,0.3849978,-0.005253151,0.009027455,0.04986721,-0.7972785,0.01094359,0.05431437,0.7847961,1.534561,0.1607471,0.2990982,1.214872,0.3842659,279.3613,197.4292,57.34721,True
0,4.733331,0.1058232,-0.03061859,0.007714844,-1.330187,1.569176,-2.62001,0.621172,1.224152,0.4776037,-1.431369,-0.09948693,0.04722457,0.03803569,-0.03433117,-0.6594844,-4.449914,0.1182055,0.7091721,1.447539,0.3849766,0.0001245029,0.00690851,0.05514961,-0.79647,0.0109155,0.05413541,0.7843975,1.53459,0.1607747,0.2992365,1.214812,0.3839996,279.411,196.617,58.16791,True
0,4.744442,0.1078733,-0.006088419,0.01183642,-1.330851,1.568736,-2.621165,0.6213276,1.223976,0.4776433,-1.432294,-0.08298421,0.04502283,0.03701831,-0.04070759,-0.6601076,-4.449048,0.1171178,0.7089878,1.447509,0.3850074,0.005474031,-0.001607587,0.0572479,-0.7957898,0.01048047,0.05414073,0.7841351,1.534602,0.1608932,0.2994213,1.214763,0.3837016,279.4144,196.1265,58.59789,True
0,4.755553,0.1077812,0.02162955,0.0148714,-1.33166,1.567834,-2.622152,0.6214246,1.223725,0.4776599,-1.433217,-0.08312476,0.04285441,0.04023837,-0.04492834,-0.6607196,-4.448132,0.1159788,0.7087468,1.447374,0.3850155,0.009722319,-0.00587409,0.05615229,-0.7951938,0.0101063,0.05418441,0.7837549,1.534645,0.1608989,0.2996505,1.2147,0.3834566,279.4069,195.5956,59.04958,True
0,4.766665,0.108754,0.04935052,0.01897537,-1.332691,1.566844,-2.623153,0.6216382,1.223485,0.4777088,-1.434287,-0.09637246,0.04496007,0.04025347,-0.04708365,-0.6612586,-4.447163,0.114656,0.7085853,1.447336,0.3850424,0.01180194,-0.001622694,0.05079864,-0.7947847,0.01026356,0.05392049,0.7834775,1.534634,0.1608243,0.2997627,1.214651,0.3833215,279.3979,195.0781,59.50379,True
0,4.777776,0.1087169,0.0589455,0.01998334,-1.333362,1.566093,-2.624122,0.6218138,1.223253,0.4777164,-1.435294,-0.0904419,0.0556277,0.03915153,-0.04507279,-0.6616363,-4.446527,0.1132283,0.7083533,1.447302,0.3850665,0.01177399,-0.001636077,0.04759686,-0.7944529,0.01007154,0.05389705,0.7831386,1.534699,0.1608555,0.2998997,1.214608,0.3833694,279.3781,194.8908,59.64818,True
0,4.788887,0.1076151,0.07067565,0.02312013,-1.334322,1.565327,-2.625102,0.6220344,1.222988,0.4777403,-1.436403,-0.09995828,0.06417176,0.03272958,-0.04200707,-0.6619537,-4.446183,0.1119574,0.7082056,1.447267,0.3851824,0.009686854,-0.001628503,0.05187705,-0.793745,0.009958625,0.05390025,0.7829758,1.534704,0.1609199,0.3000291,1.214555,0.3835686,279.2288,194.9989,59.50414,True
0,4.799998,0.1054871,0.06960341,0.02312968,-1.334907,1.564809,-2.626063,0.6222198,1.222865,0.4778461,-1.437418,-0.09117337,0.0726455,0.02634164,-0.045333,-0.6625513,-4.445946,0.1107209,0.7081997,1.447189,0.3852262,0.01617131,-0.00267471,0.06140522,-0.7927389,0.009831991,0.0535599,0.7826912,1.534762,0.1609554,0.3002099,1.214496,0.3838563,279.0052,195.3278,59.15449,True
0,4.81111,0.1087186,0.06003654,0.02424671,-1.335361,1.564655,-2.627345,0.6223665,1.222636,0.4778712,-1.438537,-0.1008486,0.07677738,0.01467568,-0.05610156,-0.6635372,-4.446223,0.1098919,0.7081007,1.446966,0.385287,0.02682649,-0.004808798,0.06130601,-0.7921509,0.00956674,0.05302886,0.7824554,1.534829,0.1609471,0.3004213,1.214434,0.3841342,278.7904,195.6367,58.84275,True
0,4.822221,0.1109267,0.0376626,0.02224256,-1.335365,1.565018,-2.628753,0.6225531,1.222304,0.4777777,-1.439595,-0.09508739,0.07668743,0.002996705,-0.06256591,-0.6645029,-4.446629,0.1093811,0.7079617,1.446876,0.3853672,0.03643069,-0.01226923,0.06336256,-0.7913828,0.008840497,0.05286667,0.7822123,1.534893,0.1608799,0.3006618,1.214381,0.3843596,278.6342,195.8057,58.67023,True
0,4.833332,0.1109712,0.02380213,0.020191,-1.335406,1.565225,-2.630021,0.6226506,1.222151,0.4778049,-1.440967,-0.1238619,0.08194225,-0.0001693703,-0.06903134,-0.6654771,-4.446592,0.1082298,0.7077898,1.446818,0.3853457,0.03636728,-0.004823204,0.05695378,-0.7909887,0.009132112,0.05233485,0.7818679,1.53497,0.1608851,0.3009009,1.214349,0.3845142,278.5508,195.8702,58.59887,True
0,4.844443,0.1163573,0.005692501,0.01709344,-1.335247,1.565761,-2.631634,0.6227621,1.221888,0.4778643,-1.442145,-0.1058814,0.07978068,-0.003351886,-0.07115955,-0.6663463,-4.446708,0.1075629,0.7076116,1.446686,0.3853793,0.02997585,-0.001629021,0.05700812,-0.790334,0.00915728,0.05223418,0.7816336,1.534954,0.1610179,0.3011541,1.214278,0.3845772,278.5034,195.5333,58.9728,True
0,4.855555,0.117434,0.002501678,0.01711074,-1.3354,1.565908,-2.633014,0.6228536,1.221696,0.4778671,-1.443199,-0.09468549,0.0777312,0.01473089,-0.06676947,-0.6668795,-4.445369,0.1056673,0.7074792,1.446564,0.3853903,0.03206499,-0.0005713627,0.05272527,-0.7898765,0.009170862,0.05180754,0.7813648,1.534987,0.1610291,0.3014093,1.214179,0.3845443,278.5061,194.5093,60.08866,True
0,4.866666,0.1249343,-0.01134853,0.0129172,-1.335061,1.566501,-2.634836,0.6229362,1.221515,0.4778869,-1.444631,-0.1292833,0.06934017,0.03174263,-0.05698814,-0.6670372,-4.443552,0.1038042,0.7072978,1.446529,0.3854671,0.02996993,-0.006952871,0.05595333,-0.7891425,0.008708004,0.05178863,0.7810955,1.53505,0.1611254,0.3016498,1.214107,0.3844816,278.5778,193.7444,60.89336,True
0,4.877777,0.1281665,-0.01879416,0.01296042,-1.335043,1.56703,-2.636638,0.6229954,1.221301,0.4778817,-1.445712,-0.09693569,0.05983257,0.03491596,-0.04941377,-0.6673312,-4.442629,0.1028196,0.7071003,1.446524,0.385545,0.03101326,-0.005892336,0.05380607,-0.7886994,0.008621851,0.05149622,0.7807931,1.535102,0.161181,0.3018654,1.214025,0.3844349,278.6422,192.7052,61.97755,True
0,4.888888,0.1292317,-0.01770753,0.01508875,-1.335305,1.567267,-2.63817,0.6230722,1.22115,0.4778807,-1.447247,-0.1387341,0.05666422,0.04130942,-0.04827125,-0.667712,-4.441453,0.1012936,0.7068902,1.446516,0.3855972,0.0288809,-0.0037647,0.05382234,-0.7880869,0.008560065,0.05131458,0.7805109,1.53521,0.1611915,0.3020705,1.21396,0.3844385,278.6691,192.2521,62.45835,True
0,4.9,0.1324249,-0.01770643,0.01401988,-1.335306,1.567567,-2.639811,0.6232717,1.221062,0.4779029,-1.448506,-0.1130449,0.05561784,0.03916788,-0.04614224,-0.668121,-4.440792,0.1002057,0.7067289,1.44648,0.3856506,0.03095822,-0.009096134,0.04848449,-0.7877705,0.008232097,0.05115613,0.7801698,1.535172,0.1612113,0.3022619,1.213877,0.3844635,278.6598,191.5376,63.23474,True
0,4.911111,0.1313558,-0.01664495,0.0140155,-1.33537,1.567778,-2.641274,0.6233964,1.220892,0.4779062,-1.449556,-0.0942611,0.05248966,0.03594026,-0.03974055,-0.6683682,-4.440298,0.09928664,0.7065661,1.446426,0.3856797,0.03513566,-0.01444091,0.03993313,-0.7876453,0.007727961,0.05101338,0.7798488,1.535222,0.1612456,0.3024443,1.213795,0.3845074,278.6423,190.9279,63.90574,True
0,4.922222,0.130249,-0.00387099,0.01288361,-1.335737,1.567493,-2.642665,0.6234612,1.220598,0.477927,-1.450915,-0.1224982,0.05460088,0.02742419,-0.03981347,-0.6687794,-4.440036,0.09846852,0.7064645,1.446329,0.3857474,0.0361512,-0.01444949,0.03459776,-0.7874233,0.00755632,0.05072869,0.7796139,1.535255,0.1613257,0.3026307,1.21374,0.384571,278.6208,190.5882,64.2999,True
0,4.933333,0.1227275,0.01313928,0.01066258,-1.33611,1.566768,-2.64359,0.6236379,1.220425,0.4779434,-1.452088,-0.1053562,0.06203368,0.0178304,-0.04101776,-0.6693237,-4.440144,0.09754067,0.7063067,1.446229,0.3858087,0.03827565,-0.009128593,0.03350055,-0.7870765,0.007554988,0.05019047,0.7793834,1.535308,0.1613646,0.3029184,1.213694,0.3846383,278.5976,190.8013,64.09018,True
0,4.944445,0.1184336,0.02270703,0.01061222,-1.336418,1.566365,-2.64468,0.6237787,1.220211,0.4780655,-1.453447,-0.1225004,0.06302972,0.01147294,-0.0463967,-0.6700566,-4.440073,0.09676623,0.7061781,1.446133,0.385932,0.04256571,-0.006989129,0.03665502,-0.7865156,0.007548198,0.04961815,0.7791026,1.535419,0.1614172,0.3031347,1.213629,0.3846909,278.5816,189.9883,64.95907,True
0,4.955556,0.1120045,0.03332685,0.008431108,-1.336825,1.565709,-2.645602,0.6238378,1.220015,0.4781113,-1.454436,-0.08847576,0.06503041,0.007273898,-0.05816116,-0.6710612,-4.440132,0.09600163,0.7060869,1.446053,0.3860037,0.04255917,-0.006987326,0.03558311,-0.7862477,0.007484281,0.04913852,0.7789347,1.535489,0.1614435,0.3033312,1.213563,0.3847849,278.5687,189.5804,65.368,True
0,4.966667,0.1066554,0.0429221,0.01476946,-1.33736,1.565271,-2.646521,0.6239444,1.219745,0.4779923,-1.45584,-0.1267196,0.06396496,0.008346835,-0.058143,-0.6716657,-4.439674,0.09499815,0.7059697,1.445901,0.3859873,0.04791454,-0.004850969,0.03872397,-0.7857321,0.007465107,0.04846793,0.7786961,1.535486,0.1615412,0.3034836,1.213523,0.3849362,278.528,189.2028,65.74937,True
0,4.977778,0.09918636,0.04500772,0.01158012,-1.337721,1.564863,-2.647313,0.624112,1.219642,0.4779978,-1.457087,-0.1120562,0.05967532,0.005168553,-0.06024692,-0.6723874,-4.439724,0.09453929,0.7058873,1.445801,0.3860455,0.0531792,-0.001667187,0.03227033,-0.7856836,0.007645536,0.04759042,0.778547,1.535503,0.1615896,0.3036565,1.21349,0.3851335,278.4583,189.425,65.48679,True
0,4.98889,0.09706338,0.04286958,0.01159585,-1.33804,1.564559,-2.648248,0.6242126,1.219464,0.478019,-1.458344,-0.1130666,0.05539706,0.00306215,-0.06127117,-0.6729606,-4.439461,0.09390333,0.7057842,1.445704,0.3860743,0.05210184,-0.002733514,0.03121777,-0.7853625,0.00753861,0.04714701,0.7782211,1.535463,0.1616008,0.3037632,1.213447,0.3853238,278.3549,189.3083,65.62986,True
0,5.000001,0.09386863,0.04179175,0.01160344,-1.3383,1.56422,-2.649062,0.6244043,1.219116,0.478075,-1.459505,-0.1043514,0.05752596,-0.008675549,-0.05923217,-0.6735646,-4.440273,0.09385353,0.705677,1.445641,0.3861594,0.04678898,-0.01018972,0.03341403,-0.7849795,0.006859371,0.04744155,0.777952,1.535557,0.1616817,0.3038746,1.213411,0.3854712,278.2682,189.276,65.72692,True
0,5.011112,0.08855443,0.03642181,0.007381669,-1.338342,1.564005,-2.649801,0.6244779,1.218959,0.4780982,-1.460882,-0.1242292,0.06496984,-0.01507638,-0.06041592,-0.6743134,-4.440819,0.09312062,0.705516,1.445569,0.3861825,0.05105063,-0.005929276,0.03336534,-0.784596,0.0069386,0.04666737,0.7776933,1.53559,0.1617274,0.3040119,1.213405,0.3855713,278.2531,189.2538,65.79416,True
0,5.022223,0.08218803,0.03109205,0.01167603,-1.338547,1.564011,-2.650499,0.6244359,1.218866,0.478169,-1.462021,-0.1022194,0.05859618,-0.01933995,-0.05824304,-0.6749276,-4.441313,0.09305431,0.705419,1.445515,0.38623,0.05312454,-0.01553058,0.0280389,-0.7844655,0.00623699,0.04652995,0.7774317,1.535559,0.1617682,0.3042165,1.213371,0.3856412,278.2756,189.1482,65.9027,True
0,5.033335,0.08221538,0.02257344,0.01172224,-1.338605,1.56404,-2.651383,0.6244611,1.218883,0.4781647,-1.463102,-0.09724123,0.05544114,-0.02042847,-0.0539531,-0.6753808,-4.44174,0.09292408,0.705309,1.445483,0.3862851,0.05517238,-0.01874691,0.01949701,-0.7846264,0.005709551,0.04626257,0.7772492,1.535614,0.1618013,0.3044401,1.213305,0.3857146,278.289,188.4826,66.5904,True
0,5.044446,0.07689989,0.01826585,0.008559521,-1.338558,1.564119,-2.652086,0.6244763,1.2188,0.4782231,-1.464172,-0.09619669,0.05233987,-0.01940652,-0.04539537,-0.6756738,-4.441923,0.09256003,0.7052197,1.445466,0.3863971,0.05511838,-0.01769407,0.01416721,-0.7846791,0.005459347,0.04587721,0.777054,1.53558,0.1618395,0.3045897,1.213275,0.3857985,278.3021,188.1846,66.906,True
0,5.055557,0.07265393,0.01399256,0.008589761,-1.338654,1.564093,-2.65275,0.6245507,1.218744,0.4782217,-1.465478,-0.1178517,0.05350411,-0.01413666,-0.03684996,-0.6757761,-4.441959,0.09196588,0.7051421,1.445392,0.3864453,0.05407245,-0.0219524,0.01631363,-0.7844692,0.004869324,0.0457326,0.7769189,1.535632,0.1618578,0.3046434,1.213286,0.3858784,278.3087,188.3155,66.79716,True
0,5.066669,0.06731103,0.01822137,0.007507545,-1.338803,1.563907,-2.653302,0.6245962,1.218634,0.4782503,-1.466395,-0.08221191,0.05138341,-0.009872187,-0.03680377,-0.6762283,-4.441847,0.09134589,0.7050247,1.44539,0.386534,0.0520341,-0.02299538,0.02592347,-0.7838535,0.004492753,0.04545403,0.7767202,1.535683,0.1618752,0.304673,1.213311,0.3859384,278.321,188.5856,66.55414,True
0,5.07778,0.05985451,0.02033301,0.008575708,-1.339103,1.563721,-2.653802,0.6246542,1.21851,0.4782772,-1.467405,-0.09101491,0.04714143,-0.00454683,-0.03565977,-0.6765627,-4.441634,0.09084309,0.7049254,1.445305,0.3865983,0.05416169,-0.02406483,0.02590637,-0.7835819,0.003992345,0.04516402,0.7765691,1.535697,0.1619024,0.3047253,1.21332,0.3859809,278.3448,188.6618,66.49982,True
0,5.088891,0.05878543,0.02139452,0.008571221,-1.339316,1.563526,-2.654377,0.6246876,1.218411,0.4782896,-1.468336,-0.08360271,0.04188899,0.001819,-0.02917657,-0.6767055,-4.44116,0.09026279,0.7048059,1.445263,0.3866708,0.05204089,-0.02619291,0.02699596,-0.7832596,0.003445198,0.04505163,0.7763965,1.535729,0.1619279,0.3048064,1.213322,0.3860191,278.3719,188.5742,66.61275,True
0,5.100002,0.05027855,0.01817274,0.009665518,-1.339427,1.563528,-2.654702,0.6247067,1.2183,0.4782958,-1.46924,-0.08135013,0.03867608,-0.001364771,-0.03022688,-0.6770831,-4.441304,0.09005612,0.7047106,1.44523,0.3867226,0.05091117,-0.02407652,0.02061116,-0.7832533,0.003154248,0.04479144,0.7761501,1.535778,0.1619534,0.3049,1.213313,0.3860715,278.3944,188.4091,66.79577,True
0,5.111114,0.04816672,0.01496295,0.008621184,-1.339507,1.563491,-2.655277,0.6247067,1.218242,0.4783356,-1.470227,-0.08898423,0.03760886,-0.009892261,-0.02920242,-0.6774565,-4.441954,0.09012537,0.7045854,1.445209,0.3867183,0.04659003,-0.02302127,0.01426088,-0.7832639,0.002858238,0.04461274,0.7758941,1.53579,0.1619868,0.3049911,1.213303,0.3861443,278.3983,188.3024,66.92313,True
0,5.122225,0.04815613,0.0170914,0.008611402,-1.33973,1.563326,-2.655757,0.624728,1.218135,0.4784441,-1.470809,-0.05192706,0.04182432,-0.01733714,-0.03249102,-0.6780089,-4.442566,0.08996424,0.7045037,1.44519,0.3867683,0.04232017,-0.02301957,0.01323704,-0.7831217,0.002553306,0.04448251,0.7757105,1.535878,0.1621375,0.3050719,1.213289,0.3862244,278.3884,188.2777,66.97203,True
0,5.133336,0.04602291,0.01708717,0.008612353,-1.339915,1.563134,-2.65609,0.6247427,1.218091,0.4784582,-1.471864,-0.09553467,0.03967805,-0.01946666,-0.03354165,-0.6783721,-4.443131,0.0900548,0.7045699,1.44514,0.3867955,0.04231845,-0.0240793,0.01324139,-0.7829891,0.002238786,0.04427159,0.7754744,1.535844,0.1621606,0.305133,1.213284,0.3862908,278.383,188.3512,66.92255,True
0,5.144447,0.04389601,0.01708938,0.01074814,-1.34018,1.563106,-2.656514,0.6247691,1.218017,0.4784985,-1.472613,-0.06710165,0.03655043,-0.02056495,-0.0271265,-0.6785377,-4.443497,0.09001431,0.7045062,1.445129,0.3868716,0.04231474,-0.02834485,0.01218083,-0.7829566,0.001546365,0.04418291,0.7753108,1.535797,0.1621482,0.3051836,1.213281,0.3863509,278.3945,188.3841,66.88995,True
0,5.155559,0.03961511,0.02132228,0.009662125,-1.340322,1.562852,-2.65672,0.6247753,1.217982,0.4785299,-1.473205,-0.05319717,0.03662059,-0.01954753,-0.02072591,-0.6785458,-4.444035,0.0900223,0.7044796,1.445145,0.3868985,0.04122166,-0.02408696,0.008986097,-0.7829635,0.001427188,0.04382897,0.7751397,1.535821,0.1622028,0.3052309,1.213276,0.3864293,278.3935,188.3998,66.86272,True
0,5.16667,0.03534307,0.02342539,0.007525971,-1.340478,1.562569,-2.656908,0.6247578,1.217904,0.4785569,-1.473951,-0.06726842,0.03559591,-0.01636463,-0.01750023,-0.6786683,-4.444042,0.08964147,0.704275,1.445085,0.3870144,0.040144,-0.02195669,0.007926121,-0.7829241,0.001194827,0.0436327,0.7750363,1.535819,0.1622283,0.3052674,1.213279,0.3865124,278.3716,188.5391,66.7276,True
0,5.177781,0.0342853,0.02020142,0.003282068,-1.340405,1.56239,-2.657255,0.624791,1.217854,0.478621,-1.474464,-0.0459039,0.03452678,-0.0184933,-0.01750167,-0.6788962,-4.444469,0.0896223,0.704179,1.44505,0.3870776,0.03479803,-0.01982947,0.005841461,-0.7829353,0.0009772469,0.04358503,0.7748927,1.535836,0.1622477,0.3052813,1.213284,0.3865728,278.329,188.5694,66.70523,True
0,5.188892,0.03109111,0.0201963,0.004352421,-1.340577,1.562234,-2.657464,0.6247576,1.217803,0.4786596,-1.475077,-0.05524797,0.02805199,-0.01737235,-0.02488364,-0.6794363,-4.44465,0.08975625,0.7040871,1.445046,0.3870733,0.03373779,-0.0187595,0.006914513,-0.7828138,0.0007749799,0.04344228,0.7747113,1.535909,0.1622572,0.3053105,1.213293,0.3866262,278.3433,188.7096,66.56459,True
0,5.200004,0.02788,0.02230433,0.004340139,-1.340639,1.562072,-2.657525,0.6247845,1.217752,0.4785819,-1.475815,-0.06664097,0.03016403,-0.008827271,-0.02804863,-0.679791,-4.444136,0.08895198,0.7039862,1.445014,0.3870492,0.03375705,-0.01875413,0.009046041,-0.7826327,0.0004870922,0.04329421,0.7745649,1.535878,0.1621997,0.3053345,1.213297,0.3866777,278.3544,188.8183,66.44579,True
0,5.211115,0.02894653,0.02445234,0.006455627,-1.340895,1.561837,-2.657917,0.6247501,1.217718,0.478596,-1.476251,-0.03890384,0.02166669,-0.01203029,-0.02478019,-0.6799482,-4.444544,0.08935971,0.7038958,1.445008,0.3871059,0.03164405,-0.014487,0.01118622,-0.7824793,0.0004645885,0.04307077,0.7744216,1.53589,0.1622155,0.3053465,1.213298,0.3867255,278.3411,188.7541,66.49424,True
0,5.222226,0.02789109,0.0180242,0.00116876,-1.340726,1.561805,-2.658126,0.6247207,1.217737,0.4786518,-1.476623,-0.03335219,0.02169584,-0.01417313,-0.02159414,-0.6800595,-4.444714,0.08925291,0.7038279,1.444981,0.3871298,0.03265391,-0.01449842,0.004785102,-0.7826381,0.0002732403,0.04272163,0.7742897,1.535841,0.1622422,0.3053712,1.213298,0.3867769,278.3386,188.8941,66.35706,True
0,5.233337,0.02469808,0.01804031,0.005431348,-1.340991,1.561668,-2.658191,0.6246953,1.217719,0.478688,-1.477462,-0.076111,0.02070587,-0.01847713,-0.01415024,-0.6799886,-4.445236,0.08940791,0.7037731,1.445005,0.3871827,0.02940815,-0.01556703,-0.0005016054,-0.782719,0.000108657,0.04263774,0.7741053,1.535749,0.1622555,0.3053688,1.213307,0.3867939,278.3154,189.0164,66.25436,True
0,5.244449,0.02578384,0.01056063,0.001215774,-1.340857,1.561799,-2.658559,0.6246043,1.21765,0.4788315,-1.47774,-0.02448127,0.02067975,-0.02592352,-0.01526117,-0.6802529,-4.445967,0.08977596,0.7037193,1.445021,0.3872952,0.02410088,-0.01874661,0.001693022,-0.7825044,-0.0001178449,0.04270352,0.7739798,1.53576,0.1624217,0.3053563,1.213316,0.3867966,278.3172,189.0779,66.18753,True
0,5.25556,0.02369274,0.002057603,0.006600676,-1.341021,1.562259,-2.658855,0.6245573,1.217678,0.4788904,-1.478041,-0.02710282,0.02069001,-0.02486566,-0.01418855,-0.6803918,-4.446315,0.08986784,0.7036779,1.445043,0.3873377,0.02194985,-0.02194642,-0.0004109853,-0.7826029,-0.0005918876,0.04285106,0.7738664,1.535759,0.1624327,0.3053381,1.213332,0.3867984,278.3364,189.1157,66.12744,True
0,5.266671,0.02157348,-0.001145735,0.006622591,-1.341022,1.562412,-2.659046,0.624504,1.21767,0.4788973,-1.478697,-0.05945202,0.01438136,-0.02382726,-0.006656316,-0.6801788,-4.446524,0.09005879,0.7036299,1.445028,0.3873689,0.02405983,-0.02515348,-0.002556707,-0.7827499,-0.001255814,0.04296158,0.773821,1.535751,0.1624227,0.305311,1.213345,0.3868134,278.3474,189.1849,66.02808,True
0,5.277782,0.01945128,-0.004351102,0.006646162,-1.341005,1.562633,-2.659208,0.624576,1.217629,0.4789202,-1.478977,-0.02480962,0.01228828,-0.01957621,-0.004482088,-0.6802395,-4.446677,0.0900002,0.7036016,1.445055,0.3874552,0.02725558,-0.02515403,-0.002586779,-0.782792,-0.001666074,0.04283721,0.7737248,1.535755,0.1624417,0.3052945,1.213336,0.3868406,278.3394,189.1938,65.99034,True
0,5.288894,0.01412992,-0.005431662,0.006657892,-1.341007,1.562694,-2.659243,0.6245534,1.217661,0.478931,-1.479299,-0.02903794,0.01124584,-0.02278597,-0.002363018,-0.680297,-4.447322,0.09033629,0.7035163,1.445083,0.387502,0.0197801,-0.02516009,-0.004647255,-0.7829225,-0.002089117,0.04314667,0.7736444,1.535791,0.1624954,0.3052854,1.213338,0.3868535,278.3211,189.2965,65.89573,True
0,5.300005,0.01091621,-0.001194639,0.004513217,-1.341118,1.562626,-2.659262,0.6245458,1.217645,0.4789801,-1.479603,-0.02735024,0.01228588,-0.0238375,-0.004513823,-0.6804739,-4.447683,0.09046332,0.7034703,1.445122,0.387599,0.02077681,-0.02730105,-0.0131751,-0.7833443,-0.002468218,0.04298076,0.7735564,1.535793,0.1626353,0.3052947,1.21334,0.3868369,278.3205,189.309,65.90426,True
0,5.311116,0.01302947,0.005217,0.006602645,-1.341354,1.562462,-2.659474,0.6244735,1.217639,0.4790318,-1.479838,-0.02097944,0.01337015,-0.01745253,-0.004486367,-0.680508,-4.44777,0.09024628,0.7033837,1.445141,0.3876629,0.01332152,-0.02091004,-0.0131191,-0.7835052,-0.002524144,0.04309714,0.7734269,1.535762,0.1626742,0.3053327,1.213349,0.3868035,278.3484,189.1487,66.08599,True
0,5.322227,0.01193407,0.01481243,0.008684332,-1.341769,1.562162,-2.659515,0.6244849,1.217582,0.4790537,-1.480151,-0.02831909,0.01866277,-0.01637013,-0.007732045,-0.6806896,-4.447817,0.08994214,0.7033355,1.445198,0.3877325,0.01228765,-0.0219655,-0.009910112,-0.7834743,-0.002870621,0.04321884,0.7733033,1.535806,0.1626577,0.3053661,1.213372,0.3867817,278.4153,189.1716,66.06517,True
0,5.333339,0.009782243,0.02333219,0.00970676,-1.342183,1.561799,-2.65956,0.624332,1.217505,0.4791164,-1.48065,-0.04524305,0.0176267,-0.02065052,-0.00454683,-0.6806204,-4.448493,0.09026918,0.7032812,1.44523,0.3877635,0.01018786,-0.02089648,-0.006696488,-0.7834412,-0.003204582,0.04340899,0.773188,1.535794,0.1626854,0.3053708,1.213393,0.3867941,278.4555,189.3087,65.90806,True
0,5.34445,0.006576409,0.02758438,0.01075483,-1.342512,1.561552,-2.659528,0.6242903,1.217436,0.4791548,-1.480786,-0.01182592,0.01337629,-0.02064286,-0.003432208,-0.6805649,-4.448699,0.09045293,0.7032396,1.445208,0.3878012,0.01019031,-0.01343704,-0.006711445,-0.7835313,-0.003005644,0.04313815,0.773144,1.53577,0.1627405,0.3053343,1.2134,0.3868442,278.4323,189.4768,65.71162,True
0,5.355561,0.01080786,0.03612096,0.01070678,-1.343024,1.561051,-2.659685,0.6242731,1.217393,0.479286,-1.481011,-0.0203499,0.008077352,-0.02384375,-0.0001956476,-0.6804637,-4.449201,0.09091739,0.703197,1.445226,0.38785,0.01018755,-0.01450362,-0.006706949,-0.7835968,-0.003333745,0.04329954,0.7730812,1.535759,0.1627765,0.30529,1.213392,0.3869265,278.3732,189.7084,65.45122,True
0,5.366673,0.01402164,0.03080384,0.009664749,-1.343172,1.560871,-2.659881,0.6243113,1.217431,0.479285,-1.481125,-0.0100699,0.004851155,-0.02808637,-0.002317595,-0.6806033,-4.449899,0.09150542,0.7031348,1.445232,0.3879144,0.006949822,-0.01344509,-0.01094006,-0.7838578,-0.003442535,0.04343376,0.7730644,1.535751,0.1628051,0.3052218,1.21337,0.3870202,278.2967,190.035,65.08428,True
0,5.377784,0.01192688,0.0233701,0.01504312,-1.343554,1.561037,-2.659992,0.6242259,1.217435,0.4793577,-1.481564,-0.03998499,0.008053718,-0.02489521,-0.002331361,-0.6806299,-4.450107,0.09143005,0.7031577,1.445157,0.387974,0.004779227,-0.0134533,-0.01518101,-0.7841864,-0.003640541,0.04359328,0.773003,1.535749,0.1628349,0.3051782,1.213358,0.3871151,278.235,190.2649,64.81834,True
0,5.388895,0.01087714,0.01802761,0.01294513,-1.343625,1.561056,-2.660081,0.6241585,1.217417,0.4794142,-1.481743,-0.01590697,0.009100109,-0.02275367,-0.004460348,-0.68077,-4.450384,0.09150594,0.7030985,1.44516,0.388032,0.004806932,-0.01131807,-0.01305547,-0.7842658,-0.003691408,0.04346971,0.7728961,1.535797,0.1628833,0.3051594,1.213363,0.3872212,278.1789,190.4082,64.64528,True
0,5.400006,0.01415743,-0.006463326,0.01307906,-1.343273,1.561924,-2.660504,0.6240529,1.217459,0.479413,-1.48175,-0.0003587506,0.006959969,-0.02700353,-0.005527657,-0.6808893,-4.451056,0.09189343,0.7029901,1.445161,0.3880923,0.005903066,-0.005985349,-0.009880487,-0.7842477,-0.003522164,0.04324761,0.7728167,1.535787,0.1629252,0.3051515,1.213378,0.3872988,278.1278,190.5666,64.48499,True
0,5.411118,0.01420103,-0.02032537,0.009959384,-1.342953,1.562431,-2.660746,0.6239218,1.217465,0.4794488,-1.481921,-0.01553027,0.0005524298,-0.02058594,-0.008614484,-0.6810384,-4.451164,0.09208731,0.7028078,1.44518,0.3881462,-0.001529236,-0.00810148,-0.006605927,-0.7841571,-0.003646533,0.04372085,0.7726859,1.535817,0.1629994,0.3051204,1.213385,0.3873268,278.1022,190.7613,64.2831,True
0,5.422229,0.01848486,-0.02670365,0.009994397,-1.342871,1.562986,-2.661222,0.6238043,1.217422,0.4793856,-1.482243,-0.0292247,-0.003640513,-0.006752656,-0.004223822,-0.6808813,-4.450525,0.09179837,0.7026962,1.445147,0.388061,-0.0004812386,-0.009169046,-0.008745572,-0.7843494,-0.003782355,0.04372032,0.7726127,1.535784,0.1630137,0.3050925,1.213381,0.3873017,278.1065,190.8855,64.15971,True
0,5.43334,0.01957849,-0.03629839,0.007918249,-1.342561,1.56363,-2.66155,0.6236458,1.217448,0.4793916,-1.482336,-0.008079559,-0.00894654,0.0007107835,-0.004118163,-0.6808526,-4.450196,0.09172992,0.7025614,1.445198,0.388067,-0.002601883,-0.005971374,-0.007667426,-0.7844101,-0.003715376,0.04377358,0.7725398,1.535786,0.1630599,0.3050856,1.213366,0.3872038,278.157,190.8378,64.22252,True
0,5.444451,0.01851524,-0.03737752,0.006864301,-1.342406,1.564146,-2.661836,0.6235514,1.217391,0.4794073,-1.482724,-0.03534263,-0.0121265,0.008177895,-0.00404144,-0.6809085,-4.449545,0.09142685,0.702477,1.445098,0.3881881,-0.004715587,0.00149543,-0.005528153,-0.7843127,-0.00320578,0.04359142,0.7724814,1.535773,0.1631558,0.3050813,1.213348,0.3870697,278.2426,190.6841,64.38156,True
0,5.455563,0.01639983,-0.04163368,0.00795358,-1.342241,1.564638,-2.662024,0.6234914,1.217357,0.4794178,-1.482753,-0.002250191,-0.01321352,0.01352188,-0.007190256,-0.6810342,-4.449076,0.09121913,0.7023693,1.445154,0.3882287,-0.005760694,0.005760497,-0.003398243,-0.7843084,-0.002938798,0.04346918,0.7723779,1.535748,0.1632314,0.3050833,1.213318,0.3869306,278.3204,190.5148,64.56454,True
0,5.466674,0.01424551,-0.03524227,0.01005511,-1.342366,1.564964,-2.662136,0.6234074,1.21728,0.4794595,-1.482899,-0.01313426,-0.01003142,0.01565749,-0.009342182,-0.6811801,-4.448691,0.0908327,0.7022635,1.44512,0.3883193,-0.006822283,0.007890349,-0.003388003,-0.7842817,-0.002757437,0.04340446,0.7722815,1.535816,0.1633315,0.3050778,1.213293,0.3868105,278.393,190.3849,64.69884,True
0,5.477785,0.0163609,-0.02882186,0.01427857,-1.342621,1.56525,-2.662468,0.6233559,1.217203,0.4794273,-1.482988,-0.007962352,-0.01324811,0.01781043,-0.01142735,-0.6813618,-4.448161,0.09071819,0.7020691,1.445072,0.388366,-0.008974006,0.005757798,-0.005497007,-0.7844575,-0.002754241,0.04360074,0.7722985,1.535776,0.163384,0.3050882,1.213265,0.3867292,278.4426,190.2129,64.87414,True
0,5.488896,0.01635211,-0.02240217,0.01850195,-1.342926,1.5654,-2.662775,0.6231798,1.217163,0.4794712,-1.483131,-0.01289658,-0.0121585,0.01246289,-0.008275118,-0.6813437,-4.44827,0.0909118,0.7019677,1.445063,0.3884199,-0.005768951,0.00363267,-0.004463468,-0.7845651,-0.002692056,0.04349421,0.7721554,1.535772,0.1634159,0.3051011,1.213243,0.3866872,278.4661,190.0851,65.00543,True
0,5.500008,0.01527136,-0.01815926,0.01741292,-1.342975,1.565627,-2.662966,0.6231025,1.217094,0.479352,-1.483549,-0.03791748,-0.01218204,0.006075298,-0.009375433,-0.6814406,-4.448536,0.0912652,0.7018852,1.444926,0.3883677,-0.01004881,0.004701271,-0.00655393,-0.7846871,-0.002427072,0.04354827,0.7721046,1.535748,0.1634359,0.3050996,1.213224,0.3866789,278.4569,190.0858,65.00962,True
0,5.511119,0.01738812,-0.01280919,0.01950691,-1.343245,1.565663,-2.663277,0.6230875,1.217055,0.4793427,-1.483756,-0.01850358,-0.009043681,-0.0002976432,-0.01370728,-0.681725,-4.448861,0.09151447,0.7018279,1.444987,0.3883872,-0.008964248,0.004705032,-0.004442681,-0.7847867,-0.00233972,0.04355307,0.7721143,1.535754,0.1635044,0.3050444,1.213203,0.3866366,278.3441,190.1532,64.91687,True
0,5.52223,0.0173724,-0.007472771,0.02161022,-1.3436,1.565777,-2.663486,0.6230553,1.216934,0.4793415,-1.483795,-0.003297697,-0.004801395,-0.002422385,-0.0148308,-0.6819029,-4.44885,0.09146307,0.7017434,1.444942,0.3884521,-0.01005471,0.006827696,-0.006567464,-0.7849353,-0.00220856,0.04368063,0.7720708,1.535693,0.1634533,0.3049387,1.213182,0.3866083,278.3464,189.8408,65.26161,True
0,5.533341,0.02056005,-0.005341791,0.01946207,-1.343744,1.565812,-2.663871,0.6230341,1.216835,0.4793646,-1.484119,-0.02946189,-0.005892735,-0.00453572,-0.01696724,-0.6822124,-4.44895,0.09164843,0.7016866,1.444913,0.3885314,-0.01215491,0.007898677,-0.003357599,-0.7849092,-0.002083657,0.04379462,0.7720814,1.535676,0.1635354,0.3048562,1.213169,0.3865251,278.2732,190.0602,65.02143,True
0,5.544453,0.02377476,-0.007427398,0.02586421,-1.344134,1.566291,-2.664384,0.622992,1.216733,0.4794066,-1.484199,-0.006948113,0.0004607079,-0.006658218,-0.02024395,-0.6825448,-4.449156,0.09159224,0.701556,1.444857,0.3885705,-0.01325278,0.01109186,-0.007617508,-0.785175,-0.001637977,0.04356132,0.7719868,1.535704,0.163661,0.3048567,1.213146,0.3864606,278.3106,189.9465,65.13221,True
0,5.555564,0.02698455,-0.0116742,0.02588093,-1.344261,1.566616,-2.664844,0.6229317,1.216633,0.4794211,-1.484567,-0.03346765,-0.0006716812,-0.007675445,-0.02663493,-0.6831146,-4.449061,0.09153498,0.701363,1.44488,0.3886645,-0.0153325,0.01536412,-0.002279809,-0.7850099,-0.001234775,0.04352431,0.7719339,1.535709,0.1637454,0.3048885,1.213116,0.3864266,278.3325,189.7053,65.37484,True
0,5.566675,0.03231917,-0.01484,0.02802493,-1.344517,1.567054,-2.665384,0.6229796,1.216571,0.4794061,-1.484811,-0.02187078,-0.000711106,-0.003392293,-0.03086863,-0.6835738,-4.448887,0.09145242,0.7012265,1.444825,0.3887186,-0.01311962,0.01751264,0.006217016,-0.7846423,-0.0008708537,0.04330593,0.7719159,1.535745,0.1638017,0.3049321,1.213077,0.3864299,278.3242,189.4369,65.64529,True
0,5.577786,0.03873902,-0.02226813,0.0291233,-1.344613,1.567676,-2.666176,0.6229296,1.216459,0.4794044,-1.485001,-0.01704952,-0.003936527,0.000901659,-0.03400879,-0.6840745,-4.448391,0.09127052,0.7010537,1.444785,0.3887968,-0.01627182,0.01645713,0.01051017,-0.7843931,-0.000694153,0.04344601,0.771871,1.535752,0.1638629,0.3049713,1.213031,0.3864487,278.2854,189.2491,65.84811,True
0,5.588898,0.04193643,-0.0233253,0.02805961,-1.344745,1.568013,-2.666789,0.6228151,1.216292,0.4793739,-1.485288,-0.02586867,-0.01243745,0.01369081,-0.03383926,-0.6843477,-4.447586,0.09112272,0.7009474,1.444697,0.3888228,-0.02059149,0.02176883,0.004149656,-0.7845326,-0.0001502023,0.04342098,0.771823,1.535691,0.1639743,0.3050102,1.212985,0.3864572,278.2454,189.0962,66.02713,True
0,5.600009,0.0451478,-0.02650008,0.03020678,-1.344938,1.568626,-2.667544,0.6227635,1.21614,0.4793789,-1.485758,-0.04264358,-0.01663044,0.02539407,-0.02946656,-0.6845112,-4.446415,0.0905267,0.7007517,1.444627,0.3888817,-0.02063175,0.02069495,-0.0001091864,-0.7846764,0.0001182444,0.04345533,0.771778,1.535693,0.1640856,0.3050696,1.21295,0.3864413,278.2261,188.8652,66.29994,True
0,5.61112,0.05471773,-0.02221367,0.02803361,-1.345093,1.568779,-2.668526,0.622717,1.215925,0.479382,-1.485944,-0.01641108,-0.01668302,0.02968547,-0.03476667,-0.685021,-4.445632,0.09015573,0.7005011,1.444581,0.3889368,-0.02490114,0.03347991,-0.001156973,-0.7846327,0.001316001,0.04303215,0.7716702,1.535653,0.1642623,0.3051228,1.21289,0.3863894,278.2275,188.5406,66.65282,True
0,5.622231,0.05896333,-0.01578342,0.03224736,-1.34548,1.568972,-2.669352,0.6227008,1.215645,0.4793525,-1.486327,-0.03460703,-0.009255957,0.03075636,-0.03803996,-0.6855946,-4.445002,0.08947875,0.7002773,1.444456,0.3890388,-0.02374349,0.03456929,0.008418432,-0.7842029,0.001957024,0.04277729,0.7716132,1.535657,0.1644354,0.3051624,1.212813,0.3863223,278.239,188.2039,67.00227,True
0,5.633343,0.06321572,-0.01362996,0.03329178,-1.345792,1.569227,-2.670208,0.6226832,1.215432,0.4793649,-1.487017,-0.06257176,-0.007162672,0.03076451,-0.04125333,-0.686058,-4.444566,0.08919778,0.7001429,1.444265,0.3890929,-0.01944093,0.03883627,0.01262475,-0.7839915,0.002697915,0.04231577,0.7715561,1.535702,0.1645851,0.3052208,1.212734,0.3862646,278.2538,187.7778,67.44147,True
0,5.644454,0.06535199,-0.01252099,0.03860447,-1.346255,1.569511,-2.671077,0.622649,1.215258,0.4793444,-1.487268,-0.02212799,-0.004084412,0.03296207,-0.05299627,-0.6870748,-4.443704,0.08844491,0.6998541,1.444189,0.3891978,-0.01948234,0.03989043,0.008360382,-0.7840596,0.003363173,0.04209126,0.7714919,1.535687,0.1645963,0.305303,1.212633,0.3862433,278.2457,187.2056,68.01994,True
0,5.655565,0.07600027,-0.01142784,0.0375157,-1.346522,1.56981,-2.672359,0.6226058,1.215053,0.4793961,-1.487689,-0.03798495,-0.00414161,0.02872053,-0.05727942,-0.6877826,-4.443447,0.08836634,0.6996322,1.444033,0.3892658,-0.01736094,0.04201778,0.007271136,-0.7839952,0.004088618,0.04170111,0.7713739,1.535675,0.1647363,0.3053381,1.212529,0.3861922,278.0727,186.5366,68.66032,True
0,5.666677,0.07919487,-0.01034037,0.03856568,-1.346871,1.57,-2.673379,0.6224891,1.214798,0.4794626,-1.488179,-0.04412413,0.003291402,0.03512486,-0.0605172,-0.6884996,-4.442256,0.08716659,0.6993545,1.443944,0.3893795,-0.02053188,0.05267477,0.01047341,-0.7837342,0.005328985,0.04124171,0.7713094,1.535631,0.1648576,0.3054066,1.212442,0.3861788,278.0472,186.0524,69.15461,True
0,5.677788,0.08558685,-0.009240963,0.04068095,-1.347322,1.570325,-2.674648,0.6224238,1.214552,0.4794645,-1.489115,-0.08482286,0.007591635,0.05002627,-0.05941025,-0.6890461,-4.44053,0.08560704,0.6990855,1.44382,0.3894479,-0.02264216,0.05374471,0.01262182,-0.7835009,0.006204366,0.0409437,0.7712186,1.535633,0.1649971,0.3054637,1.212375,0.3861704,278.0257,185.704,69.52173,True
0,5.688899,0.09728003,-0.001719089,0.04488029,-1.347981,1.570389,-2.676041,0.6223798,1.214333,0.4793975,-1.489488,-0.03295406,-0.001971334,0.06495418,-0.05921946,-0.6896085,-4.438683,0.08455537,0.6987696,1.443702,0.3895154,-0.03753842,0.04949018,0.01490191,-0.7832639,0.006740194,0.04149871,0.7711221,1.535715,0.1652291,0.3055266,1.212288,0.3861775,278.0048,185.2241,69.99792,True
0,5.70001,0.1004517,0.004674533,0.04377356,-1.348475,1.570422,-2.677263,0.6223332,1.21412,0.4793231,-1.490305,-0.07401152,-0.01261719,0.07030684,-0.0590767,-0.6902205,-4.436962,0.08375908,0.698478,1.443666,0.3896284,-0.02363381,0.05269878,0.02115658,-0.782784,0.007691742,0.04065928,0.7710154,1.535721,0.1653841,0.3055759,1.212185,0.386208,277.9569,184.7893,70.42096,True
0,5.711122,0.1014759,0.01640479,0.04476727,-1.349191,1.570091,-2.678304,0.6223835,1.213851,0.4792213,-1.49119,-0.07971352,-0.02213633,0.06921779,-0.05259379,-0.6905822,-4.435846,0.08341394,0.698135,1.443633,0.3897183,-0.02895866,0.05270017,0.0212078,-0.7825113,0.008529306,0.04053464,0.7709935,1.535675,0.165534,0.3056377,1.212079,0.3862465,277.8834,184.388,70.83922,True
0,5.722233,0.1067168,0.04199789,0.04674498,-1.350288,1.569295,-2.679512,0.6223841,1.213665,0.479142,-1.491775,-0.05230513,-0.02745504,0.05429751,-0.04943049,-0.6910088,-4.435549,0.08364456,0.6978041,1.443654,0.3898664,-0.03439705,0.05160745,0.009542834,-0.7827771,0.009159409,0.04067579,0.7709011,1.535671,0.1656528,0.3057065,1.21198,0.3862773,277.8051,184.0092,71.25496,True
0,5.733344,0.1109213,0.0590854,0.05089782,-1.351434,1.568441,-2.680652,0.6223435,1.213436,0.479085,-1.49245,-0.06073175,-0.02428549,0.04577797,-0.05058106,-0.6915878,-4.435075,0.08341447,0.6975167,1.443623,0.3899922,-0.03657558,0.06011463,0.004220279,-0.7828799,0.0104103,0.04023664,0.7707605,1.535683,0.1658778,0.3057806,1.211889,0.3862928,277.7462,183.5918,71.7092,True
0,5.744455,0.1203943,0.09322915,0.05388333,-1.353061,1.566774,-2.681954,0.6223693,1.213236,0.4789486,-1.493566,-0.1008522,-0.02460852,0.02570694,-0.07733221,-0.6933497,-4.435214,0.08382672,0.6971189,1.443655,0.3901455,-0.04175017,0.07506363,0.02022147,-0.7820037,0.01229914,0.03955061,0.7706273,1.535766,0.1661651,0.3058516,1.211821,0.3863184,277.703,183.1823,72.14162,True
0,5.755567,0.1266599,0.1316494,0.06217473,-1.35513,1.564773,-2.683067,0.6224435,1.212991,0.4787869,-1.494456,-0.07987842,-0.02690034,0.01300205,-0.09017112,-0.6947607,-4.435428,0.08439877,0.6967177,1.443613,0.3903592,-0.04597145,0.07826989,0.0245157,-0.781544,0.01366614,0.03923848,0.77053,1.535831,0.1663728,0.3058769,1.211773,0.386391,277.6382,182.9885,72.32792,True
0,5.766678,0.1329495,0.1625894,0.0662457,-1.357157,1.562568,-2.684296,0.6225157,1.212791,0.4786689,-1.495753,-0.1172192,-0.0344517,0.01093604,-0.09862608,-0.6961461,-4.435169,0.08486003,0.6962537,1.443717,0.3905275,-0.05345569,0.07081137,0.0224718,-0.7813485,0.01441316,0.0396542,0.7704113,1.535885,0.1665845,0.3058604,1.211729,0.3865224,277.5231,183.0295,72.26278,True
0,5.777789,0.1411725,0.2510754,0.07211657,-1.360599,1.557879,-2.685212,0.6225148,1.212592,0.478565,-1.496688,-0.0837464,-0.03875273,0.01843175,-0.1038617,-0.6974116,-4.434299,0.08470131,0.6957242,1.443872,0.3907418,-0.06314236,0.07292128,0.01190373,-0.7815888,0.01565433,0.03980947,0.7702619,1.535892,0.1668286,0.305831,1.211687,0.3867294,277.3485,183.2073,72.05801,True
0,5.7889,0.1495366,0.297998,0.07502598,-1.363527,1.553886,-2.686364,0.6224381,1.212438,0.4784319,-1.497911,-0.1103846,-0.04742895,0.03986163,-0.1217511,-0.6992849,-4.432218,0.08392739,0.6951802,1.444034,0.3908806,-0.08678123,0.07401188,-0.009191227,-0.7824389,0.01830044,0.03969335,0.7703887,1.536211,0.1670923,0.3057975,1.21165,0.3870062,277.1161,183.501,71.74184,True
0,5.800012,0.1622318,0.3257734,0.081242,-1.366557,1.55034,-2.687876,0.6224042,1.212476,0.4781415,-1.499279,-0.1233395,-0.05744822,0.07957317,-0.1682811,-0.7025856,-4.428353,0.08204054,0.6943805,1.44449,0.3910594,-0.1250674,0.07935582,-0.002451117,-0.7822247,0.01969208,0.0413525,0.7703103,1.536339,0.1673763,0.3057113,1.211637,0.3873581,276.8655,184.0401,71.12153,True
0,5.811123,0.1729608,0.3109562,0.09089913,-1.369054,1.548234,-2.689854,0.6222757,1.212655,0.4778166,-1.500594,-0.1182862,-0.06378023,0.1253964,-0.17007,-0.7043715,-4.423855,0.07950548,0.6935422,1.445033,0.3912289,-0.1418795,0.09224978,0.02324466,-0.7810732,0.02289533,0.04133679,0.7703029,1.53663,0.1675904,0.3053933,1.211663,0.3878747,276.5615,184.2162,70.8607,True
0,5.822234,0.1848172,0.2726539,0.09217322,-1.370835,1.547106,-2.692054,0.622128,1.212936,0.4774985,-1.502149,-0.1401816,-0.07298853,0.1710526,-0.141994,-0.7047012,-4.41878,0.0767073,0.6928411,1.445479,0.3912842,-0.1471626,0.07947117,0.02758034,-0.780638,0.02336618,0.04267503,0.770222,1.536722,0.1677172,0.304994,1.211704,0.3884256,275.9904,186.6004,68.28921,True
0,5.833345,0.191336,0.2332295,0.08599589,-1.372066,1.546075,-2.694136,0.6220621,1.213288,0.477237,-1.503709,-0.1405501,-0.1072245,0.2686988,-0.07179602,-0.7029355,-4.409738,0.07207207,0.6921834,1.446003,0.3913484,-0.1409735,0.05712219,0.007313767,-0.7814103,0.02447365,0.04334774,0.7700028,1.536856,0.1678281,0.3045756,1.211748,0.3888655,275.4743,188.8883,65.95345,True
0,5.844457,0.1893201,0.1991082,0.08193976,-1.373288,1.545386,-2.69598,0.6219029,1.213544,0.4770117,-1.505196,-0.1337171,-0.1374844,0.3185097,-0.02110007,-0.7011778,-4.402243,0.06872633,0.6917151,1.446441,0.391304,-0.1369407,0.03363624,-0.01611387,-0.7824271,0.02390227,0.04516801,0.7699721,1.536783,0.1679223,0.3042659,1.211821,0.3890626,275.1512,191.6937,63.15656,True
0,5.855568,0.1724704,0.1414732,0.07377818,-1.373664,1.545894,-2.697464,0.6217257,1.213778,0.4768248,-1.506592,-0.1254274,-0.1613588,0.3064681,0.03980827,-0.6983948,-4.397768,0.06792499,0.6912947,1.447021,0.3912241,-0.1304984,0.02618738,-0.01082538,-0.7822136,0.02393529,0.04634087,0.7693747,1.53663,0.1680827,0.3040653,1.211909,0.3889785,275.0723,193.1828,61.71431,True
0,5.866679,0.1651235,0.1094775,0.07185168,-1.374524,1.546078,-2.69909,0.6215457,1.214061,0.476707,-1.507874,-0.1150409,-0.1632961,0.2551771,0.06614479,-0.6969871,-4.396595,0.06876122,0.6908321,1.447541,0.3912649,-0.1229341,0.01981483,0.0008366574,-0.7817289,0.02385433,0.04750573,0.7692,1.536684,0.1682007,0.3039413,1.212025,0.3887286,275.1911,193.3977,61.52408,True
0,5.87779,0.1492867,0.06679165,0.06892543,-1.374815,1.546983,-2.7003,0.6214426,1.214342,0.4765456,-1.50893,-0.09438348,-0.1378934,0.159251,0.06636032,-0.6962978,-4.399425,0.07154928,0.6905257,1.447963,0.3913422,-0.1335937,0.02300507,-0.0001319847,-0.7817134,0.02431439,0.04898965,0.7689505,1.536629,0.1682615,0.3038806,1.212121,0.3884574,275.3971,193.5205,61.42389,True
0,5.888902,0.1408568,0.04223969,0.06694326,-1.375159,1.547608,-2.701844,0.6211809,1.214628,0.4763179,-1.510802,-0.1691575,-0.07718197,0.02752025,-0.0128539,-0.6993812,-4.4052,0.0748556,0.6901321,1.448298,0.3915787,-0.150702,0.01552816,-0.006346405,-0.7820373,0.02403889,0.05152151,0.7688043,1.536629,0.1682367,0.3038206,1.212212,0.3882018,275.5798,193.737,61.25708,True
0,5.900013,0.137668,0.0401127,0.0701557,-1.37613,1.547619,-2.703243,0.6210446,1.214694,0.4760413,-1.512016,-0.1084118,-0.05118592,-0.02867786,-0.06353838,-0.7017456,-4.407843,0.07665856,0.6896966,1.448691,0.3916254,-0.1527415,0.01341036,0.003269466,-0.7815813,0.02395713,0.0533266,0.7686238,1.536655,0.1683033,0.303701,1.212321,0.3879694,275.6469,194.1911,60.84575,True
0,5.911124,0.1418323,0.06999792,0.07636604,-1.37786,1.546355,-2.704696,0.62094,1.214783,0.4758368,-1.514082,-0.1868204,-0.0329054,-0.09751432,-0.1365966,-0.7059875,-4.412553,0.0799417,0.6890111,1.449108,0.3918068,-0.1610041,0.01346552,0.02997281,-0.7804474,0.02417298,0.05504914,0.768442,1.536667,0.1684422,0.3036143,1.212444,0.3877615,275.7645,195.0675,60.05487,True
0,5.922235,0.1512962,0.1073561,0.08253402,-1.380013,1.544596,-2.706359,0.6208383,1.214951,0.4756339,-1.515815,-0.1557195,-0.02899807,-0.111181,-0.1676159,-0.7088861,-4.414507,0.0816709,0.6884397,1.449583,0.3919699,-0.1673652,0.01560363,0.03322439,-0.7799483,0.0244891,0.05691362,0.7682222,1.536703,0.1685593,0.3034666,1.212552,0.3875525,275.8864,195.3354,59.9005,True
0,5.933347,0.1607496,0.1457713,0.08655368,-1.382225,1.542278,-2.707962,0.6207907,1.215252,0.4753568,-1.517802,-0.1792395,-0.02369908,-0.09411604,-0.1728953,-0.7110091,-4.414911,0.08205439,0.6876332,1.450192,0.3920341,-0.1821657,0.06141663,0.04392514,-0.7789922,0.02735559,0.05734478,0.7681174,1.536921,0.1686282,0.303319,1.212633,0.3873771,275.9182,196.133,59.12504,True
0,5.944458,0.172329,0.1863002,0.08843328,-1.384584,1.539685,-2.709805,0.6206812,1.215583,0.4751301,-1.519805,-0.1805291,-0.02634886,-0.01658806,-0.1329784,-0.7107929,-4.411146,0.07979177,0.6868653,1.450773,0.3919697,-0.1821063,0.06888336,0.05030267,-0.7781368,0.02867772,0.05843987,0.7679564,1.53706,0.1687331,0.3031602,1.212715,0.3873663,275.9426,196.9099,58.35064,True
0,5.955569,0.1839982,0.1937283,0.0755874,-1.385945,1.53763,-2.711814,0.6204937,1.215881,0.4748628,-1.521548,-0.1566634,-0.04166296,0.08650197,-0.08744776,-0.7098102,-4.404211,0.07554483,0.6859605,1.451344,0.3918223,-0.1983125,0.06350082,0.0259657,-0.7785879,0.02918851,0.06073712,0.7679273,1.537127,0.1687517,0.302931,1.212827,0.3875072,275.7978,198.9063,56.30858,True
0,5.966681,0.1882871,0.1798214,0.06287575,-1.386796,1.536355,-2.713724,0.6202734,1.216203,0.474673,-1.523524,-0.1782643,-0.06149748,0.1705484,-0.06328779,-0.7094283,-4.39745,0.07168697,0.6851417,1.452021,0.3916698,-0.2100865,0.05495337,0.0207703,-0.7784574,0.0293262,0.0634096,0.767799,1.537229,0.1686149,0.3026637,1.212973,0.3877828,275.6518,201.4956,53.70265,True
0,5.977792,0.1947418,0.1573997,0.05127743,-1.387332,1.535593,-2.715945,0.6200089,1.216563,0.4744737,-1.525335,-0.1628556,-0.07619737,0.2067104,-0.04906313,-0.7092307,-4.391999,0.0689061,0.6842026,1.452633,0.3915493,-0.2205996,0.04752803,0.03579908,-0.7775237,0.02956855,0.06604719,0.7676337,1.537301,0.1685956,0.3023056,1.213116,0.3880955,275.4509,204.2934,50.89453,True
0,5.988903,0.208693,0.1275896,0.0461015,-1.387802,1.535363,-2.718742,0.6197306,1.216879,0.4742205,-1.526865,-0.1373218,-0.09723163,0.2503091,-0.02939451,-0.7085984,-4.385736,0.06612256,0.6832232,1.453289,0.391423,-0.2268326,0.05820429,0.05182553,-0.7762374,0.03075472,0.06777132,0.7673554,1.537425,0.168546,0.3019319,1.213221,0.3884243,275.4382,205.7869,49.49146,True
0,6.000014,0.2226078,0.1084484,0.04406714,-1.38846,1.535059,-2.721596,0.619442,1.217323,0.4740336,-1.528901,-0.1837156,-0.1022654,0.2874748,-0.007813457,-0.7077414,-4.379073,0.06233395,0.6822294,1.453952,0.3913054,-0.232148,0.06353375,0.05293019,-0.7755482,0.03194582,0.06968161,0.767179,1.537511,0.1685078,0.3015828,1.213322,0.388755,275.5025,206.6829,48.74765,True
0,6.011126,0.2364681,0.09992723,0.03557537,-1.388914,1.534325,-2.72445,0.6191893,1.217713,0.4737718,-1.531315,-0.2177797,-0.1022305,0.3098375,-0.007676132,-0.7075481,-4.372815,0.05877144,0.6813523,1.454579,0.3911333,-0.2481322,0.06033236,0.05203379,-0.7748611,0.03252612,0.0724489,0.7669593,1.537616,0.1684401,0.3012769,1.213418,0.3890369,275.5775,207.4544,48.16074,True
0,6.022237,0.2513709,0.09993945,0.02917633,-1.389442,1.533474,-2.727556,0.618876,1.218179,0.4735043,-1.53341,-0.1883122,-0.1044236,0.306681,-0.01300278,-0.7077723,-4.367805,0.05618444,0.6804553,1.455314,0.3909431,-0.2544759,0.05288675,0.05743761,-0.7739998,0.03289616,0.07520287,0.7667511,1.537699,0.1683338,0.301039,1.213499,0.389208,275.6131,208.4077,47.36337,True
0,6.033348,0.2524517,0.09673236,0.0280599,-1.390125,1.532333,-2.73014,0.6187689,1.218555,0.4732692,-1.535546,-0.192244,-0.113992,0.2821609,-0.007723365,-0.7075976,-4.364391,0.05509095,0.6797533,1.455957,0.3907349,-0.2587478,0.06140763,0.05639659,-0.7733122,0.03422868,0.07727162,0.7666168,1.537772,0.1682405,0.3008309,1.213591,0.3892501,275.6415,209.5354,46.31942,True
0,6.044459,0.2301624,0.07537235,0.03249249,-1.390646,1.532482,-2.731925,0.6184967,1.219061,0.4730392,-1.537962,-0.2177954,-0.1149739,0.2650557,0.002840515,-0.7070363,-4.360721,0.05358067,0.6789702,1.456649,0.3905311,-0.2556299,0.06564966,0.0478368,-0.7730134,0.03542417,0.07909775,0.7664567,1.537828,0.1680505,0.3006118,1.213697,0.3892015,275.7078,210.3549,45.5392,True
0,6.055571,0.2110949,0.04439149,0.02947839,-1.390628,1.532934,-2.733676,0.6180992,1.219425,0.4728317,-1.539712,-0.1567255,-0.1096185,0.229847,0.01109171,-0.7065931,-4.358466,0.05284697,0.6781727,1.457182,0.3902678,-0.2621844,0.04963276,0.03088614,-0.7732094,0.03538529,0.08222723,0.7661823,1.537883,0.1678691,0.3003809,1.213809,0.3891345,275.8064,210.8813,45.02954,True
0,6.066682,0.2027027,0.0006376579,0.02022934,-1.389795,1.534779,-2.735977,0.6177512,1.219973,0.4726644,-1.540894,-0.1052256,-0.1033086,0.1914911,0.009727307,-0.7064642,-4.357222,0.05284857,0.67739,1.457824,0.3899934,-0.2654111,0.04110533,0.02667189,-0.773032,0.03564841,0.08494632,0.7659922,1.53791,0.167788,0.3002081,1.213921,0.389103,275.9001,211.6956,44.2458,True
0,6.077793,0.2124176,-0.04418915,-0.0008466747,-1.388311,1.536184,-2.738957,0.6173217,1.22044,0.4724436,-1.543045,-0.1940798,-0.09921759,0.164924,-0.002192993,-0.7067795,-4.355505,0.05247679,0.676577,1.458356,0.3897188,-0.27289,0.02831259,0.02463828,-0.7728211,0.03536292,0.08841269,0.7657804,1.537967,0.1675839,0.2999493,1.214077,0.3890692,276.0483,212.3373,43.73634,True
0,6.088904,0.2370193,-0.08042646,-0.0177214,-1.386894,1.537833,-2.742703,0.616964,1.220927,0.4721239,-1.545741,-0.2432527,-0.08558492,0.1511588,-0.02053573,-0.7075502,-4.353498,0.05145707,0.6757488,1.458792,0.3894482,-0.2771106,0.02619281,0.02894387,-0.7723007,0.03567051,0.09141274,0.7655444,1.538072,0.1674755,0.2996207,1.214249,0.3889944,276.2545,212.6747,43.58967,True
0,6.100016,0.2413701,-0.1113955,-0.03244481,-1.385453,1.539775,-2.745957,0.6167183,1.221442,0.47193,-1.548938,-0.2885138,-0.0804201,0.1384482,-0.03344719,-0.7081835,-4.351563,0.05075958,0.6749912,1.459341,0.3891926,-0.2790798,0.03048566,0.04599661,-0.7711535,0.03621673,0.09424714,0.765347,1.538085,0.1672854,0.2993498,1.214444,0.3887615,276.424,213.0383,43.38044,True
0,6.111127,0.2360746,-0.1253136,-0.04195004,-1.384063,1.54105,-2.748571,0.6165451,1.221874,0.471741,-1.552102,-0.2852338,-0.08164696,0.1204086,-0.04526002,-0.7090107,-4.350397,0.05091538,0.6742299,1.460033,0.3888795,-0.2726085,0.04433724,0.05336417,-0.7702506,0.03731994,0.09609058,0.7651942,1.538191,0.1670303,0.2991704,1.214658,0.3883058,276.5178,212.967,43.49205,True
0,6.122238,0.2350045,-0.1221215,-0.04302515,-1.383277,1.542004,-2.751442,0.6164103,1.222294,0.4716229,-1.553963,-0.1662819,-0.07751051,0.1034147,-0.05392752,-0.7097836,-4.349226,0.05079394,0.6734685,1.460643,0.3885946,-0.2770377,0.04003477,0.0363711,-0.7704147,0.0376049,0.09922219,0.7649497,1.538301,0.166755,0.2991517,1.214825,0.3876217,276.5779,212.556,43.84156,True
0,6.133349,0.2403135,-0.1189338,-0.04730934,-1.382229,1.542943,-2.754478,0.6162071,1.222755,0.4714475,-1.555759,-0.1612179,-0.069051,0.09703702,-0.05937917,-0.710525,-4.347892,0.05019073,0.6726756,1.461327,0.3883116,-0.2813165,0.03576234,0.03428983,-0.770093,0.03773619,0.1023578,0.7647214,1.538343,0.1665368,0.2992728,1.214926,0.386749,276.6619,212.1566,44.07681,True
0,6.144461,0.2434405,-0.09868176,-0.05063782,-1.381455,1.542778,-2.757385,0.6161571,1.223194,0.4713602,-1.558475,-0.2452495,-0.04344601,0.08310866,-0.05334572,-0.7108957,-4.34708,0.04923332,0.6719449,1.461973,0.3879962,-0.2812653,0.04641631,0.03959427,-0.7693824,0.03870359,0.1047893,0.7644764,1.538456,0.1662142,0.2994417,1.215009,0.3857884,276.7847,211.8844,44.10316,True
0,6.155572,0.252979,-0.08587702,-0.05285861,-1.380652,1.543016,-2.760594,0.6161475,1.223655,0.4712019,-1.561175,-0.2430828,-0.02091561,0.09364254,-0.04074072,-0.7108999,-4.345013,0.04705752,0.6712531,1.462574,0.3875661,-0.2780797,0.04428244,0.0385012,-0.7689483,0.03925326,0.1073957,0.764278,1.538564,0.1658738,0.2995968,1.21513,0.3848661,276.8997,211.7545,43.97306,True
0,6.166683,0.2657385,-0.07735536,-0.05930118,-1.379785,1.543482,-2.764333,0.6161353,1.224153,0.4709361,-1.563789,-0.2352323,-0.0142578,0.1254735,-0.021445,-0.710452,-4.341276,0.04417998,0.6705686,1.463219,0.3870645,-0.2802461,0.03468305,0.03427628,-0.7687502,0.03921478,0.1105494,0.7640629,1.538604,0.1654973,0.2996995,1.21531,0.3840747,277.011,211.5336,43.96886,True
0,6.177794,0.2764106,-0.08914522,-0.07521957,-1.377985,1.544615,-2.767978,0.6159368,1.224893,0.4707966,-1.566577,-0.2512072,-0.0151346,0.1541608,-0.008478232,-0.7099844,-4.337152,0.04124757,0.6698185,1.463855,0.3865635,-0.2727691,0.0197669,0.03636715,-0.7683369,0.03859812,0.1137207,0.7638412,1.538694,0.1650403,0.2998107,1.21555,0.3835355,277.106,211.3045,44.02337,True
0,6.188906,0.2700495,-0.1041586,-0.08897539,-1.37606,1.545581,-2.77094,0.615952,1.225488,0.4706316,-1.569678,-0.279587,-0.0296298,0.2157998,0.02080875,-0.7087305,-4.330537,0.03706827,0.6691134,1.464467,0.3859496,-0.2715502,0.005944639,0.05236915,-0.7672013,0.03777454,0.1172001,0.7634981,1.538795,0.1645784,0.2999695,1.215837,0.3832594,277.1569,211.2443,44.04761,True
0,6.200017,0.2572877,-0.1138543,-0.09847856,-1.374293,1.546695,-2.773632,0.6159102,1.226121,0.4704607,-1.572122,-0.219313,-0.03363746,0.2433951,0.04019584,-0.7075438,-4.325028,0.03339178,0.6684602,1.465164,0.3854322,-0.2650995,0.003825366,0.05870651,-0.7663427,0.03760996,0.1200508,0.7632167,1.538881,0.1640029,0.3001428,1.216145,0.3831643,277.1899,211.26,44.12202,True
0,6.211128,0.2359904,-0.1214671,-0.1111829,-1.372226,1.5477,-2.77581,0.6158912,1.226787,0.4702713,-1.574102,-0.1773943,-0.02153195,0.2495557,0.07525654,-0.7055353,-4.320537,0.02974485,0.6678329,1.465809,0.3848255,-0.2544263,0.00169602,0.06073713,-0.7656535,0.03737867,0.1226439,0.7629227,1.538963,0.1634736,0.3002722,1.216459,0.3831379,277.2678,211.1984,44.30767,True
0,6.222239,0.2263927,-0.1226359,-0.1218106,-1.370153,1.548527,-2.778232,0.6159236,1.227541,0.4700089,-1.576442,-0.2106089,-0.007557973,0.2270699,0.0909543,-0.7039832,-4.317778,0.02731897,0.6674075,1.466468,0.384151,-0.2416922,-0.01429915,0.05532305,-0.7653286,0.03626506,0.1256541,0.7626779,1.539013,0.1628301,0.3004411,1.216766,0.3830989,277.3657,211.1614,44.45062,True
0,6.233351,0.224218,-0.1152396,-0.13144,-1.368147,1.548827,-2.780688,0.6160063,1.228305,0.4697721,-1.578671,-0.2001205,0.005189076,0.1940095,0.09275257,-0.7028764,-4.316269,0.02565716,0.6669371,1.467116,0.3835399,-0.2386293,-0.03456739,0.04148994,-0.7654442,0.03472775,0.1293042,0.762457,1.53902,0.1621468,0.3006102,1.21711,0.3829727,277.4665,211.2555,44.43337,True
0,6.244462,0.224115,-0.08972576,-0.139038,-1.366465,1.548489,-2.78315,0.6162161,1.228943,0.4696174,-1.581658,-0.2695709,0.02959467,0.1353716,0.09320161,-0.7018819,-4.317061,0.02509044,0.6666374,1.467823,0.3829188,-0.2312815,-0.05376722,0.02974021,-0.7656577,0.03298032,0.1328622,0.7622317,1.539082,0.1614459,0.30078,1.217543,0.3827071,277.5934,211.3646,44.36708,True
0,6.255573,0.2197463,-0.0631583,-0.1477075,-1.364707,1.54763,-2.785287,0.6164311,1.229604,0.4694362,-1.584561,-0.2612648,0.04747368,0.07255743,0.08091258,-0.7014452,-4.319092,0.02536608,0.6663942,1.468521,0.3822479,-0.2259825,-0.0697502,0.02759017,-0.7655672,0.03115885,0.1366196,0.7619659,1.539136,0.1606882,0.3009945,1.2181,0.3822923,277.7326,211.2198,44.4991,True
0,6.266685,0.2122271,-0.04829648,-0.1509735,-1.363024,1.547215,-2.787255,0.61661,1.230319,0.4691944,-1.587382,-0.2540572,0.06534149,0.03320958,0.06450919,-0.7012023,-4.320206,0.02494743,0.6660317,1.46919,0.3814342,-0.2248781,-0.07826415,0.03185827,-0.765238,0.0294033,0.1403664,0.7616951,1.539178,0.1599269,0.3012942,1.218776,0.3817947,277.8531,210.5726,45.04811,True
0,6.277796,0.1961485,-0.02391208,-0.1606731,-1.36124,1.546019,-2.788718,0.6169057,1.230995,0.4689689,-1.589797,-0.2168893,0.07375444,0.01086216,0.0578918,-0.7007826,-4.321121,0.02454982,0.6657602,1.4698,0.3807123,-0.206579,-0.08994523,0.05194736,-0.7642404,0.02722563,0.1436701,0.7614343,1.539196,0.1590397,0.3016965,1.219528,0.3813352,277.9283,209.4786,45.99057,True
0,6.288907,0.1929051,-0.01545314,-0.1681702,-1.359284,1.545354,-2.790569,0.6171816,1.231576,0.4686997,-1.592088,-0.2059304,0.07692993,0.001266144,0.05780831,-0.700013,-4.321605,0.02402358,0.6655293,1.470455,0.3799586,-0.1927021,-0.09313803,0.05501641,-0.763736,0.02544491,0.1466949,0.7611896,1.539256,0.1581917,0.3021074,1.220335,0.3810055,277.9818,208.364,46.99362,True
0,6.300018,0.1842672,0.01215118,-0.1768323,-1.357542,1.543769,-2.791921,0.6175041,1.232164,0.4683223,-1.594264,-0.1955481,0.08663943,0.006514601,0.06839023,-0.6989051,-4.321185,0.02246589,0.6653063,1.470992,0.3790967,-0.1895152,-0.1027331,0.05393993,-0.7634111,0.02319014,0.1503386,0.7609954,1.539222,0.1572421,0.3024826,1.221182,0.3808214,278.0317,207.4595,47.87188,True
0,6.31113,0.1863041,0.03343247,-0.1822872,-1.355815,1.541937,-2.793565,0.6179282,1.232723,0.4680104,-1.597016,-0.2482917,0.08879362,0.01182537,0.06947014,-0.6980204,-4.320878,0.02113778,0.6651373,1.471537,0.3782597,-0.1927321,-0.1123247,0.05185886,-0.7631437,0.02083164,0.154303,0.7607558,1.539215,0.156354,0.3028464,1.22205,0.3807981,278.0896,206.6093,48.76595,True
0,6.322241,0.178651,0.08339664,-0.1932071,-1.354384,1.538847,-2.794572,0.6183935,1.233321,0.4676075,-1.599199,-0.1959388,0.08882134,0.01607931,0.0716261,-0.6971937,-4.320264,0.01973296,0.6649338,1.4721,0.3774674,-0.1873792,-0.1187144,0.05501909,-0.7626542,0.0184091,0.1579958,0.7605296,1.539209,0.1553974,0.3032217,1.222893,0.3808964,278.1306,205.7086,49.77615,True
0,6.333352,0.1742321,0.122742,-0.2030138,-1.352852,1.535481,-2.795584,0.6187917,1.233996,0.4672594,-1.601904,-0.2441504,0.09209576,0.01709519,0.0779876,-0.6961412,-4.320058,0.0183103,0.6647897,1.472652,0.376549,-0.1714584,-0.1155408,0.04846418,-0.7626414,0.0165389,0.1606904,0.7602903,1.53917,0.1544404,0.3035918,1.223699,0.3810973,278.1761,205.0079,50.608,True
0,6.344463,0.1731502,0.1333877,-0.2019839,-1.351384,1.533324,-2.796965,0.6191595,1.234662,0.4669173,-1.603907,-0.1794742,0.09860319,0.02128624,0.08859807,-0.6947777,-4.319386,0.01655447,0.664597,1.473207,0.3756547,-0.1725115,-0.1144792,0.05060587,-0.7621632,0.01444845,0.1643106,0.7599807,1.539187,0.1534216,0.3039928,1.224453,0.3814104,278.2347,204.4273,51.31114,True
0,6.355575,0.1698863,0.1354416,-0.2137455,-1.34933,1.530597,-2.798119,0.6195239,1.235221,0.4666221,-1.606217,-0.2082181,0.1178849,0.01692759,0.09901811,-0.6933535,-4.319393,0.01458853,0.6642597,1.473736,0.3747575,-0.1681704,-0.115533,0.05909052,-0.7614776,0.01225241,0.1676303,0.7597567,1.539076,0.1522772,0.3043358,1.225204,0.381873,278.3146,204.1598,51.70555,True
0,6.366686,0.1677907,0.1236866,-0.2179289,-1.347264,1.528924,-2.79949,0.6198539,1.235863,0.4664075,-1.608566,-0.2115554,0.1244445,0.01149759,0.1159644,-0.6914855,-4.319297,0.01301167,0.6640365,1.474182,0.3738306,-0.1595965,-0.1240479,0.06435244,-0.7609035,0.009626262,0.1709789,0.7594844,1.539037,0.1512392,0.3045931,1.225995,0.3824955,278.3935,204.0404,52.00324,True
0,6.377797,0.1625467,0.09592888,-0.2262824,-1.344646,1.527752,-2.80082,0.6201174,1.23637,0.4661198,-1.610655,-0.187823,0.1266783,0.01250716,0.1255317,-0.6898195,-4.318918,0.01122922,0.663776,1.474714,0.3729184,-0.1532184,-0.1357756,0.06324576,-0.7606334,0.006548846,0.1747782,0.7592953,1.538919,0.1500599,0.3048363,1.226806,0.3831932,278.4398,203.7701,52.5236,True
0,6.388908,0.1594211,0.07030244,-0.2346538,-1.341897,1.526785,-2.802195,0.6203032,1.236873,0.4657986,-1.61276,-0.1894611,0.1278086,0.01566552,0.1308634,-0.6882151,-4.318554,0.009461146,0.6635518,1.475146,0.3719478,-0.1543369,-0.1379137,0.05793817,-0.7603874,0.004193414,0.1782843,0.7589973,1.538832,0.1489909,0.3050912,1.227592,0.3839039,278.494,203.2069,53.34089,True
0,6.40002,0.1562689,0.05534148,-0.2388197,-1.339323,1.52585,-2.803578,0.6204963,1.237382,0.4654162,-1.614694,-0.1738865,0.1096926,0.03063304,0.1279462,-0.6869411,-4.317267,0.007798534,0.6632315,1.475577,0.3709271,-0.1501913,-0.1400713,0.0461872,-0.7605269,0.001794038,0.1816433,0.7588047,1.5388,0.1478539,0.3053789,1.228324,0.3845355,278.5453,202.6064,54.19323,True
0,6.411131,0.1605753,0.04362915,-0.2408892,-1.33678,1.52477,-2.80531,0.6207817,1.237857,0.4650371,-1.616726,-0.183005,0.09801584,0.03916766,0.1302509,-0.6854588,-4.316058,0.006132994,0.6629244,1.476021,0.3699613,-0.1438228,-0.1443362,0.04400366,-0.7604257,-0.0008081362,0.184952,0.7586198,1.53878,0.1468017,0.3056673,1.228957,0.3849792,278.612,201.8894,55.14694,True
0,6.422242,0.1616338,0.04361754,-0.2419496,-1.334433,1.523515,-2.806772,0.620995,1.238276,0.4645982,-1.618747,-0.1817976,0.08003922,0.05192544,0.1411703,-0.6835679,-4.314373,0.004595284,0.6626036,1.476374,0.3690565,-0.143812,-0.1400737,0.04506142,-0.7601439,-0.002983273,0.1881425,0.7584025,1.538746,0.1457508,0.3059167,1.229479,0.385168,278.7104,201.291,55.91494,True
0,6.433353,0.1669507,0.04686204,-0.2377143,-1.33232,1.521994,-2.808342,0.6213009,1.238624,0.4642284,-1.621106,-0.2129264,0.07796796,0.05829453,0.145495,-0.6817778,-4.313043,0.002731338,0.6623939,1.476698,0.3681257,-0.1491201,-0.1347508,0.04722723,-0.7598941,-0.005181846,0.1915947,0.7582501,1.538668,0.1446474,0.3061571,1.229893,0.3850925,278.8385,200.9277,56.35724,True
0,6.444465,0.1690727,0.05115288,-0.2334819,-1.330199,1.52049,-2.809915,0.6214989,1.239131,0.463846,-1.622862,-0.1573923,0.08111523,0.05725557,0.1411967,-0.680304,-4.311996,0.0008948221,0.6620015,1.47696,0.3671832,-0.1490687,-0.1240892,0.05253109,-0.7593482,-0.006907174,0.1944869,0.7580155,1.538645,0.1436718,0.3064398,1.230196,0.3848062,278.9895,200.576,56.69843,True
0,6.455576,0.170054,0.07566407,-0.2325592,-1.328349,1.518045,-2.811229,0.6217244,1.239385,0.4634531,-1.624929,-0.1864143,0.08102757,0.05623718,0.1326611,-0.6792424,-4.3112,-0.0006780408,0.6617709,1.477144,0.3662786,-0.1437333,-0.1113131,0.05351875,-0.7589402,-0.008427174,0.1970145,0.7578011,1.538538,0.1427097,0.3067194,1.230418,0.3843933,279.1501,200.2553,56.94391,True
0,6.466687,0.1721626,0.08529962,-0.2240939,-1.326686,1.516231,-2.812737,0.6219777,1.2397,0.4631109,-1.626861,-0.1738067,0.06822633,0.06480022,0.129655,-0.6778922,-4.309595,-0.002243181,0.6614739,1.477308,0.3653781,-0.1352384,-0.1006718,0.05022136,-0.7586627,-0.009708154,0.19912,0.7575865,1.538498,0.1417696,0.3070029,1.230587,0.3839678,279.3139,200.0399,57.04843,True
0,6.477798,0.1752772,0.1119516,-0.2231885,-1.325076,1.513282,-2.814213,0.6222458,1.239902,0.4627163,-1.628735,-0.1685998,0.0510376,0.06811481,0.1160093,-0.6770176,-4.308141,-0.00334786,0.6610892,1.477498,0.3646154,-0.1203077,-0.09535021,0.05220015,-0.7582622,-0.0113211,0.201176,0.7573594,1.53843,0.1408329,0.3072136,1.230762,0.3836274,279.484,199.887,57.10252,True
0,6.48891,0.1805426,0.131153,-0.2201039,-1.323564,1.5107,-2.815757,0.6225363,1.240091,0.4623094,-1.630687,-0.1757427,0.0435692,0.06600188,0.1150137,-0.6757233,-4.307143,-0.004429103,0.6607262,1.477566,0.3637638,-0.1138693,-0.0921513,0.05639639,-0.757672,-0.01296414,0.2033406,0.7570716,1.538418,0.1399438,0.3073786,1.230954,0.3834828,279.6245,199.6281,57.31036,True
0,6.500021,0.1804884,0.1460699,-0.2191214,-1.321978,1.507928,-2.816988,0.6227604,1.24026,0.4619308,-1.63285,-0.1949931,0.05296752,0.0746275,0.09579124,-0.6752914,-4.305255,-0.0068121,0.6602919,1.4777,0.3628142,-0.1085976,-0.08364815,0.05100667,-0.7574046,-0.01416589,0.2053401,0.7568035,1.538328,0.1390038,0.3075456,1.231169,0.3835701,279.7275,199.4331,57.53677,True
0,6.511132,0.1794266,0.1471553,-0.2159331,-1.320326,1.505479,-2.818353,0.6229918,1.240463,0.461587,-1.634769,-0.1725132,0.0697816,0.07152437,0.07428226,-0.6752482,-4.304254,-0.008983375,0.6599065,1.477841,0.3620594,-0.1170809,-0.07405923,0.05426147,-0.7568853,-0.01521357,0.2075543,0.7565364,1.538335,0.1382289,0.3077179,1.231395,0.38392,279.808,199.1759,57.91201,True
0,6.522243,0.1805304,0.1365056,-0.214807,-1.318425,1.503687,-2.819948,0.6231788,1.240707,0.4613335,-1.636421,-0.1483238,0.08134164,0.05453799,0.06234014,-0.6748908,-4.304033,-0.0103826,0.6594154,1.478029,0.3613257,-0.1137431,-0.07616095,0.06914918,-0.755836,-0.01695408,0.2099863,0.7562458,1.53828,0.1373954,0.3078994,1.231617,0.3844969,279.863,198.9882,58.30767,True
0,6.533355,0.1860096,0.09608129,-0.2081887,-1.316355,1.503215,-2.822074,0.623347,1.241049,0.4610977,-1.638393,-0.1777509,0.07790649,0.05361212,0.03999686,-0.6751401,-4.303182,-0.01180553,0.6588321,1.478125,0.3605878,-0.1115254,-0.06549411,0.07763372,-0.7547164,-0.01792307,0.2117943,0.7558804,1.538312,0.1366446,0.3080398,1.231842,0.3852342,279.9145,198.932,58.62886,True
0,6.544466,0.1903569,0.07268342,-0.2048589,-1.314397,1.502357,-2.824102,0.6235851,1.241395,0.4607859,-1.640435,-0.1838844,0.07572351,0.06751321,0.03264476,-0.6750383,-4.301089,-0.01421276,0.6582938,1.478396,0.3597925,-0.1114884,-0.05696204,0.08188061,-0.7537497,-0.01870112,0.2136502,0.7555779,1.538318,0.1358368,0.3081666,1.232068,0.3860377,279.9705,198.988,58.86618,True
0,6.555577,0.1968552,0.04504569,-0.1983136,-1.312414,1.502074,-2.826418,0.6237817,1.241803,0.4604335,-1.642622,-0.197089,0.06512396,0.1090878,0.03088166,-0.6747113,-4.296917,-0.01783413,0.657812,1.478708,0.3589451,-0.1146645,-0.05482621,0.08403005,-0.7529545,-0.01971471,0.2157962,0.7552426,1.538381,0.1350124,0.3083129,1.232287,0.3867859,280.0301,199.1229,59.02976,True
0,6.566689,0.2011552,0.03549436,-0.1950697,-1.310468,1.501279,-2.828589,0.6240948,1.242193,0.4601431,-1.644632,-0.180696,0.06424867,0.1473723,0.04283886,-0.6738479,-4.292099,-0.02221343,0.6572633,1.479048,0.3580897,-0.1082296,-0.06228459,0.08717457,-0.75222,-0.02158226,0.2179081,0.7548594,1.538443,0.1341386,0.3085296,1.232479,0.3873289,280.0948,199.3124,59.11209,True
0,6.5778,0.2161125,0.02276386,-0.1939492,-1.308416,1.500855,-2.831283,0.6243354,1.242629,0.4598286,-1.646782,-0.193681,0.07335657,0.2014131,0.08887564,-0.671466,-4.285562,-0.02845082,0.6568136,1.479395,0.3573124,-0.1092557,-0.06440592,0.09145038,-0.7512538,-0.02303421,0.2202432,0.754496,1.538507,0.1332605,0.3088138,1.232647,0.3875859,280.1766,199.4942,59.12766,True
0,6.588911,0.2427781,0.0122096,-0.1939317,-1.306294,1.50028,-2.834633,0.6245139,1.243023,0.4595931,-1.648831,-0.1843397,0.07674842,0.2140914,0.1049002,-0.6698329,-4.281116,-0.03293345,0.6563044,1.479731,0.3564806,-0.1101779,-0.06650934,0.1053129,-0.7498535,-0.02472119,0.2225574,0.754094,1.538543,0.1324537,0.3091515,1.232801,0.3875228,280.2842,199.5673,59.1418,True
0,6.600022,0.2438511,0.01116288,-0.1907324,-1.304367,1.499601,-2.837167,0.6247648,1.243453,0.4592955,-1.651373,-0.2293579,0.08645132,0.2108079,0.1164959,-0.6682712,-4.2775,-0.03701181,0.6558641,1.480154,0.3557549,-0.1121969,-0.07074795,0.1170585,-0.7484532,-0.02660058,0.2252118,0.7536973,1.538604,0.13164,0.3095438,1.232954,0.3872011,280.4219,199.4921,59.17861,True
0,6.611134,0.2300098,0.01329001,-0.1832663,-1.30274,1.498783,-2.839084,0.6250194,1.243839,0.4590805,-1.654263,-0.2608405,0.1001468,0.167145,0.1096944,-0.6673056,-4.276828,-0.03905392,0.6553706,1.480528,0.3549778,-0.1110815,-0.06754334,0.1213044,-0.7471451,-0.02799861,0.2273048,0.7532982,1.538699,0.1307821,0.3099337,1.233113,0.386703,280.5723,199.2019,59.35098,True
0,6.622245,0.2257782,0.005822718,-0.1810841,-1.300803,1.498487,-2.841375,0.6252365,1.244346,0.458792,-1.655719,-0.1294028,0.106446,0.1287979,0.1072665,-0.6661951,-4.2765,-0.04069337,0.6549162,1.48092,0.3541751,-0.1142853,-0.07074209,0.1202767,-0.7460958,-0.02973446,0.2299317,0.7528943,1.538725,0.1299236,0.3103066,1.233235,0.3861533,280.7192,198.7062,59.68074,True
0,6.633356,0.2279576,-0.009099718,-0.1841992,-1.298561,1.498388,-2.843972,0.6254555,1.244915,0.4585638,-1.657298,-0.1418769,0.1157939,0.09159057,0.09096621,-0.6656614,-4.276974,-0.04192854,0.6544871,1.481266,0.3533576,-0.119606,-0.07285416,0.1213877,-0.7450119,-0.0311703,0.2325717,0.7525753,1.538753,0.1290421,0.3106494,1.233324,0.3856576,280.8607,198.4738,59.75801,True
0,6.644467,0.2343784,-0.01977106,-0.1905397,-1.296133,1.498322,-2.846786,0.6256343,1.245425,0.4582615,-1.659817,-0.2273719,0.1146147,0.07886127,0.08237876,-0.6650915,-4.276059,-0.04383963,0.6540267,1.481661,0.3525205,-0.124986,-0.07819429,0.116123,-0.744199,-0.03311494,0.2355894,0.7522014,1.53876,0.1281991,0.310941,1.23344,0.3852866,280.9962,198.5842,59.55246,True
0,6.655579,0.2429735,-0.04214844,-0.1968168,-1.293461,1.498828,-2.849974,0.6258585,1.245966,0.4580054,-1.662492,-0.2409753,0.1094099,0.09053041,0.09103589,-0.6637258,-4.27378,-0.04680958,0.6536458,1.482053,0.3516302,-0.1271946,-0.08460496,0.10763,-0.7436664,-0.03510392,0.2384682,0.7518351,1.53868,0.1273007,0.3112152,1.233631,0.3850302,281.1416,198.8352,59.29523,True
0,6.66669,0.2366034,-0.05071624,-0.1999496,-1.291053,1.499049,-2.85233,0.6259955,1.24644,0.4576836,-1.665137,-0.2382112,0.1052257,0.104361,0.09542915,-0.6625428,-4.271033,-0.05007489,0.6531901,1.482351,0.350837,-0.1283789,-0.08569611,0.09592254,-0.7432808,-0.0367929,0.2412613,0.7514274,1.538614,0.1263471,0.3115155,1.233902,0.3848643,281.2909,198.9191,59.25419,True
0,6.677801,0.2313577,-0.07634832,-0.2083167,-1.288108,1.499972,-2.855001,0.6260735,1.246862,0.4574769,-1.667786,-0.2385807,0.09798551,0.1234462,0.1126675,-0.6607734,-4.267573,-0.05362115,0.6527098,1.482627,0.349932,-0.1326931,-0.08996674,0.09064855,-0.7426965,-0.03871118,0.2443168,0.7510306,1.538589,0.1254318,0.3118591,1.234219,0.3847483,281.4185,198.7457,59.50391,True
0,6.688912,0.2207598,-0.09345481,-0.2113925,-1.285358,1.500988,-2.857315,0.6261227,1.247357,0.4572077,-1.669482,-0.1513867,0.09488755,0.1329968,0.1202152,-0.6593038,-4.264458,-0.05703772,0.6522104,1.482984,0.349122,-0.1412663,-0.091041,0.08540989,-0.7421383,-0.0404622,0.2474649,0.7505451,1.538589,0.1244955,0.312259,1.234527,0.3846286,281.5278,198.4171,59.91171,True
0,6.700024,0.211264,-0.122282,-0.2176051,-1.282164,1.502512,-2.859714,0.6260886,1.247787,0.4570374,-1.671983,-0.2257816,0.08977587,0.1403425,0.139492,-0.6571387,-4.261395,-0.06023245,0.6516306,1.483095,0.3482387,-0.1465865,-0.08890547,0.08652136,-0.7414081,-0.04207075,0.2505081,0.7500446,1.538575,0.1234977,0.3126022,1.234821,0.3844565,281.6306,198.1073,60.29329,True
0,6.711135,0.2060477,-0.1564167,-0.2205929,-1.278938,1.504786,-2.862425,0.6259274,1.248245,0.4568508,-1.6741,-0.1898866,0.09399498,0.133967,0.1362034,-0.655984,-4.259182,-0.06323729,0.6510201,1.483302,0.3474147,-0.1507683,-0.08888702,0.09508277,-0.7403449,-0.04397199,0.2537146,0.7495238,1.538551,0.1225777,0.3128903,1.23507,0.3841801,281.7571,197.7852,60.65684,True
0,6.722246,0.2040022,-0.1820175,-0.2236301,-1.275725,1.507046,-2.865288,0.6257571,1.248734,0.4566736,-1.676486,-0.2149785,0.09271321,0.1106305,0.1200958,-0.655282,-4.258418,-0.06479897,0.6504139,1.483525,0.3465044,-0.1485358,-0.07927719,0.1056958,-0.7390256,-0.04534658,0.2562933,0.7489986,1.538549,0.1216428,0.3131109,1.235284,0.3837592,281.9054,197.5984,60.84647,True
0,6.733357,0.2019328,-0.2022993,-0.229905,-1.272195,1.509145,-2.868076,0.6257091,1.249307,0.4563949,-1.679053,-0.2310922,0.0871467,0.08304787,0.1018813,-0.6546924,-4.258402,-0.06564559,0.6497771,1.483612,0.345603,-0.1442237,-0.0654224,0.1109474,-0.7378389,-0.04632076,0.2584584,0.7484554,1.538578,0.1206512,0.3132726,1.235456,0.3831673,282.0771,197.3535,61.04667,True
0,6.744469,0.2062185,-0.211904,-0.2362386,-1.26889,1.510995,-2.871058,0.6255507,1.249785,0.4561424,-1.681654,-0.2343073,0.08605526,0.08519383,0.0997775,-0.6536436,-4.256494,-0.06799477,0.6491716,1.483853,0.3446651,-0.1462538,-0.05900851,0.1216076,-0.7362644,-0.04757591,0.2610891,0.7479254,1.538578,0.1197257,0.3133812,1.235583,0.3823777,282.2567,197.1125,61.19156,True
0,6.75558,0.1561537,-0.2174561,-0.2446549,-1.26527,1.512775,-2.871657,0.6254431,1.250231,0.4558356,-1.684045,-0.2150348,0.06920569,0.1171048,0.1129341,-0.652124,-4.252471,-0.07140361,0.6484119,1.484026,0.343735,-0.1601147,-0.06433878,0.1206798,-0.735302,-0.04944425,0.2647536,0.7473841,1.53861,0.1188438,0.3134985,1.235656,0.3814102,282.4556,196.9298,61.22165,True
0,6.766691,0.1487436,-0.2312955,-0.2381698,-1.262281,1.51511,-2.873615,0.6254955,1.250562,0.4555571,-1.686612,-0.2313725,0.05759789,0.1437158,0.1196142,-0.6507072,-4.248285,-0.07489874,0.6477088,1.484344,0.3428159,-0.1525825,-0.0632565,0.1270154,-0.7337254,-0.05102443,0.2671662,0.7469586,1.538514,0.1180372,0.3136711,1.235688,0.3803162,282.6902,196.7531,61.19972,True
0,6.777802,0.1465955,-0.2270542,-0.2403212,-1.259033,1.516777,-2.875643,0.6252342,1.251042,0.4552453,-1.68655,0.009095454,0.0354091,0.1809753,0.1307292,-0.6491194,-4.242585,-0.07902984,0.6468745,1.48458,0.3418808,-0.1483276,-0.03876223,0.1258589,-0.7323555,-0.05103615,0.2686213,0.7463837,1.53854,0.1172426,0.3138474,1.235683,0.3791834,282.92,196.3909,61.3305,True
0,6.788914,0.1635927,-0.2153013,-0.2436103,-1.255757,1.518092,-2.878535,0.624783,1.251662,0.4549387,-1.689758,-0.2920544,0.02825166,0.2213443,0.1523518,-0.6470944,-4.236012,-0.08434843,0.6460168,1.484841,0.3410087,-0.1504022,-0.02810216,0.1311826,-0.730782,-0.05171259,0.2708142,0.7457575,1.538601,0.1163645,0.3139985,1.235718,0.3780505,283.1519,196.2747,61.24051,True
0,6.800025,0.1699913,-0.2152491,-0.2382904,-1.249605,1.521617,-2.883535,0.6240147,1.252633,0.4542742,-1.692404,-0.2377436,0.02316616,0.2585437,0.1686097,-0.6435859,-4.223927,-0.09448789,0.6443515,1.485247,0.3391538,-0.1430811,-0.03665532,0.1172836,-0.7288635,-0.05419027,0.2757011,0.7444966,1.538746,0.1145327,0.3142102,1.23583,0.3769322,283.3507,196.0755,61.25871,True
0,6.811136,0.1689722,-0.2301755,-0.2392671,-1.24626,1.524073,-2.886122,0.6235234,1.253071,0.4539425,-1.697412,-0.4545447,0.01776326,0.2362025,0.1653318,-0.6421158,-4.220711,-0.09705837,0.6435469,1.485456,0.3382494,-0.139831,-0.03771668,0.1225793,-0.7275437,-0.05556406,0.2781243,0.7438902,1.538714,0.1135445,0.3141978,1.236083,0.3758228,283.5717,195.8738,61.3597,True
0,6.822248,0.1689722,-0.2301755,-0.2392671,-1.24626,1.524073,-2.886122,0.6235234,1.253071,0.4539425,-1.697133,0.03044962,0.01776326,0.2362025,0.1653318,-0.6421158,-4.220711,-0.09705837,0.6435469,1.485456,0.3382494,-0.139831,-0.03771668,0.1225793,-0.7275437,-0.05556406,0.2781243,0.7438902,1.538714,0.1135445,0.3139635,1.236345,0.3746887,283.8966,195.1659,61.95599,True
0,6.833359,0.1701563,-0.2652948,-0.2348187,-1.242857,1.527448,-2.889168,0.6229105,1.253506,0.4536226,-1.696878,0.02416462,0.01963717,0.201154,0.146989,-0.6412269,-4.218866,-0.09882645,0.6427399,1.485606,0.3373947,-0.1290639,-0.02917525,0.1352417,-0.7257524,-0.05653412,0.2800194,0.7431667,1.53876,0.1126871,0.3137447,1.236505,0.3737024,284.0684,194.5404,62.29239,True
0,6.84447,0.1755795,-0.280169,-0.2304498,-1.239566,1.530568,-2.89228,0.6224283,1.253945,0.4533141,-1.700581,-0.3372163,0.01738079,0.1841739,0.1373257,-0.6401318,-4.216021,-0.1013375,0.6420044,1.485734,0.3364818,-0.1279185,-0.02596007,0.143748,-0.7239654,-0.05754092,0.2821768,0.7425358,1.538768,0.1117659,0.3136122,1.236644,0.3729932,284.0593,194.4263,62.20763,True
0,6.855581,0.1745556,-0.2950795,-0.2293074,-1.236205,1.533737,-2.895256,0.6218823,1.254352,0.4529481,-1.70303,-0.2194081,0.01523945,0.1969801,0.1342296,-0.6390516,-4.211462,-0.1051267,0.6411253,1.485848,0.3356376,-0.129969,-0.03446441,0.1523131,-0.722164,-0.05940221,0.2851356,0.7418807,1.538793,0.1109345,0.3134363,1.236765,0.372382,284.1649,194.3087,62.38049,True
0,6.866693,0.1766703,-0.2908118,-0.2293348,-1.232958,1.536207,-2.898089,0.6213661,1.254781,0.4525778,-1.705173,-0.1929628,0.007783264,0.2140602,0.1312251,-0.6378617,-4.206067,-0.1093438,0.6402583,1.485949,0.3347154,-0.1278826,-0.0408631,0.148042,-0.7209321,-0.06097467,0.2877074,0.7411667,1.53884,0.1101477,0.3132403,1.236803,0.3717088,284.345,194.2027,62.56865,True
0,6.877804,0.1798507,-0.2811455,-0.217676,-1.230301,1.538604,-2.901014,0.6208741,1.255088,0.4522247,-1.706982,-0.1624383,-0.002791077,0.2257648,0.1367352,-0.6365067,-4.200811,-0.1131503,0.6393767,1.48607,0.3339195,-0.1205277,-0.03236473,0.1373025,-0.7198306,-0.06162355,0.2893274,0.7405267,1.538872,0.1093721,0.3130762,1.236732,0.3708992,284.5242,194.1459,62.62283,True
0,6.888915,0.1766221,-0.2651229,-0.2092413,-1.227766,1.540512,-2.903666,0.6203964,1.255363,0.4519296,-1.708999,-0.181735,-0.0005930364,0.2289227,0.1420534,-0.6350723,-4.196178,-0.1170398,0.6385835,1.48618,0.3331423,-0.1184312,-0.02278773,0.1340654,-0.7184964,-0.06221198,0.2911155,0.7398629,1.539006,0.1086199,0.3128926,1.23656,0.3699212,284.7108,194.1361,62.53975,True
0,6.900026,0.174414,-0.2362771,-0.1934171,-1.225865,1.541938,-2.905996,0.6199749,1.255593,0.4515159,-1.711075,-0.1869402,0.002575859,0.2204013,0.1409029,-0.6338041,-4.192294,-0.1203006,0.6377498,1.486265,0.3323605,-0.118443,-0.01852804,0.1329925,-0.7171237,-0.06291838,0.2929943,0.7392082,1.539055,0.1079056,0.312687,1.236322,0.368819,284.9164,194.1435,62.35167,True
0,6.911138,0.1689891,-0.2021165,-0.1786954,-1.22411,1.542701,-2.907972,0.6196181,1.255818,0.4511278,-1.71292,-0.1658491,-0.006162032,0.2162793,0.1207349,-0.6333258,-4.188353,-0.1231997,0.6369332,1.486238,0.3316169,-0.1162686,-0.01532595,0.1382881,-0.7155461,-0.06384409,0.2949904,0.7385563,1.539131,0.1072633,0.3124858,1.236038,0.3676648,285.1035,194.1127,62.15123,True
0,6.922249,0.1699492,-0.1690462,-0.1724877,-1.222344,1.5431,-2.910056,0.6192499,1.25601,0.4507406,-1.71469,-0.1591175,-0.01274526,0.2238643,0.1016708,-0.6332155,-4.183586,-0.1266517,0.636113,1.486283,0.3309274,-0.1109456,-0.005743861,0.1382196,-0.7140042,-0.06428458,0.2964463,0.7379156,1.539183,0.1066129,0.3122816,1.23574,0.3665451,285.2775,194.1025,61.92118,True
0,6.93336,0.1612821,-0.121067,-0.1610352,-1.221044,1.542388,-2.911404,0.6188489,1.256052,0.4503839,-1.716498,-0.1626244,-0.006552055,0.2239669,0.083501,-0.6331602,-4.179202,-0.1302861,0.635259,1.486234,0.3302846,-0.09605098,0.002772376,0.1359371,-0.7124664,-0.06449417,0.2971747,0.737164,1.539078,0.1060627,0.3120756,1.235482,0.3655275,285.4273,194.1887,61.63639,True
0,6.944471,0.1579442,-0.07520853,-0.1495773,-1.219891,1.541519,-2.912772,0.6185222,1.256074,0.4499593,-1.71866,-0.1950211,-0.001325026,0.214423,0.07486664,-0.6327953,-4.175539,-0.1335328,0.6344764,1.486184,0.329675,-0.08442797,0.004881673,0.1262415,-0.7113079,-0.06488965,0.2981004,0.7364969,1.539124,0.1054015,0.3118681,1.235317,0.3646774,285.5712,194.271,61.40342,True
0,6.955583,0.1546061,-0.03147438,-0.1381076,-1.219012,1.540112,-2.913812,0.6182089,1.255994,0.4495912,-1.720254,-0.1428135,0.001615345,0.1676418,0.05857212,-0.6327159,-4.17495,-0.1341192,0.633875,1.486082,0.3291266,-0.07702704,0.003802247,0.1197755,-0.7103205,-0.0653565,0.2989878,0.7358968,1.539131,0.1048615,0.3116333,1.235265,0.3640495,285.7,194.1719,61.39479,True
0,6.966694,0.1502514,-0.0005097203,-0.124438,-1.218161,1.538877,-2.914846,0.617919,1.256011,0.4490724,-1.722195,-0.1749883,-0.002966255,0.1198322,0.03702549,-0.632888,-4.175458,-0.1334236,0.6333206,1.485972,0.3285437,-0.06645866,0.004842609,0.1111467,-0.7094848,-0.06576144,0.2997454,0.7353326,1.539225,0.1042418,0.3113251,1.235337,0.3637019,285.778,193.9725,61.55242,True
0,6.977805,0.1480824,0.0155356,-0.1117443,-1.217521,1.537925,-2.916083,0.6176225,1.255975,0.4486833,-1.723951,-0.15786,0.00314977,0.08691964,0.01651948,-0.6333535,-4.175785,-0.133402,0.6327294,1.485868,0.3280287,-0.06006716,0.004842095,0.1110864,-0.7082884,-0.06624267,0.3005545,0.7347331,1.539271,0.1036963,0.310996,1.235509,0.3636325,285.8102,193.7434,61.84287,True
0,6.988916,0.1437958,0.02515171,-0.1043423,-1.21663,1.537139,-2.917226,0.6172701,1.255958,0.4482787,-1.725737,-0.1606807,0.0156266,0.06574534,-0.008242879,-0.6342115,-4.175582,-0.1340467,0.6322006,1.485766,0.3275061,-0.04826132,0.006986402,0.1205638,-0.7065483,-0.06687584,0.3012342,0.7342424,1.539479,0.1031418,0.3106582,1.23575,0.3638036,285.8062,193.5722,62.17554,True
0,7.000028,0.1417072,0.02099596,-0.08619688,-1.216382,1.536915,-2.918691,0.6169589,1.255866,0.4477456,-1.727672,-0.1743765,0.03156032,0.06680894,-0.01267145,-0.6346526,-4.174283,-0.1359637,0.631672,1.485608,0.3270509,-0.03652447,0.005915757,0.1225858,-0.7052045,-0.06765747,0.3018656,0.7336683,1.539559,0.1026573,0.310331,1.236038,0.3641046,285.788,193.5242,62.47211,True
0,7.011139,0.1406891,0.01253752,-0.07442829,-1.215931,1.536953,-2.920254,0.616686,1.255754,0.4472909,-1.729336,-0.1494923,0.03045855,0.07962405,-0.01790606,-0.6350888,-4.172178,-0.1379003,0.631186,1.485475,0.3265672,-0.03017381,-0.001550132,0.118277,-0.7042192,-0.06857786,0.3027111,0.7331056,1.539661,0.102154,0.3100292,1.23633,0.3644277,285.7619,193.4397,62.81356,True
0,7.02225,0.1321813,0.01256076,-0.06482625,-1.215549,1.536734,-2.921418,0.6164426,1.255632,0.446815,-1.731217,-0.1695188,0.02617189,0.09030841,-0.02205844,-0.6356731,-4.170019,-0.1397851,0.6306878,1.485352,0.3261364,-0.01090975,-0.001528636,0.1276839,-0.7025467,-0.06934419,0.3027799,0.7326044,1.539768,0.101779,0.3097311,1.236591,0.3646595,285.731,193.3533,63.14647,True
0,7.033361,0.1300757,0.01049021,-0.05309191,-1.215361,1.536657,-2.922771,0.6162127,1.255543,0.4464123,-1.732966,-0.1573592,0.01764761,0.09032238,-0.02195963,-0.6359474,-4.168417,-0.1409454,0.6302903,1.485239,0.3257132,0.0007644147,-0.0004729982,0.1233121,-0.7013397,-0.0698663,0.3028379,0.7321515,1.539848,0.10133,0.3094881,1.236772,0.3646854,285.6754,193.2768,63.44113,True
0,7.044473,0.1205428,-0.001198579,-0.04342087,-1.215116,1.536892,-2.923898,0.616191,1.25551,0.4460204,-1.734349,-0.123955,0.008107081,0.08711071,-0.01654454,-0.6359628,-4.167,-0.1418256,0.6299289,1.485078,0.3252735,0.01244866,0.004840834,0.1189273,-0.7001999,-0.07008335,0.3023671,0.7317641,1.539904,0.1009693,0.3093224,1.236827,0.364446,285.6497,193.1568,63.68068,True
0,7.055584,0.104665,-0.02461767,-0.03048023,-1.214966,1.538014,-2.924925,0.6160655,1.255413,0.4457159,-1.736113,-0.1592057,-0.0003692284,0.09349796,-0.01321973,-0.6361823,-4.164964,-0.1431912,0.6296281,1.484948,0.3249121,0.009029299,-0.0005364697,0.09553046,-0.7000545,-0.07054647,0.302827,0.7314339,1.539968,0.1006465,0.3091964,1.236772,0.3639521,285.6688,193.0904,63.74074,True
0,7.066695,0.08345565,-0.04805305,-0.01753114,-1.214888,1.539368,-2.925595,0.6159989,1.255293,0.4454312,-1.737401,-0.1154094,0.0007131621,0.1052078,-0.01315369,-0.6364604,-4.162505,-0.1452054,0.629416,1.484868,0.3245695,0.008967273,-0.006943146,0.08915572,-0.6993216,-0.07140294,0.3034304,0.7310333,1.540014,0.1002898,0.3091389,1.236638,0.3632679,285.7105,193.1034,63.6212,True
0,7.077806,0.06751215,-0.05336864,-0.005759398,-1.215035,1.540252,-2.926111,0.6159376,1.255151,0.4451132,-1.738503,-0.09879772,0.009304017,0.1136829,-0.007876366,-0.6367352,-4.159889,-0.1476835,0.6293874,1.484751,0.3243823,0.02392097,-0.02185312,0.09330543,-0.6984279,-0.07307354,0.3039663,0.7307343,1.540088,0.0999701,0.3092094,1.23646,0.3624555,285.7623,193.1678,63.4102,True
0,7.088918,0.05151779,-0.04590033,0.007003903,-1.215419,1.540643,-2.926219,0.6160779,1.254907,0.4446232,-1.739512,-0.09046064,0.01781347,0.1030126,-0.006961806,-0.6368439,-4.158531,-0.1491621,0.6292511,1.484603,0.3241155,0.03668742,-0.03357184,0.09214305,-0.6976859,-0.07456172,0.3043711,0.7304182,1.540182,0.09969783,0.3093361,1.236282,0.3615406,285.8001,193.1642,63.25334,True
0,7.100029,0.03011001,-0.0107291,0.02281436,-1.216427,1.539726,-2.925533,0.6162581,1.254607,0.444279,-1.740891,-0.1244998,0.02929201,0.06580666,-0.0232928,-0.6376194,-4.159495,-0.1490571,0.6293603,1.484462,0.3240221,0.0483749,-0.03144311,0.08883262,-0.6969104,-0.07524002,0.3039708,0.7301595,1.540263,0.09943938,0.3094882,1.236148,0.360553,285.8288,193.1098,63.13503,True
0,7.11114,0.01931698,0.0286843,0.02899991,-1.217347,1.538127,-2.924738,0.616455,1.254341,0.4440336,-1.741958,-0.09569626,0.04380697,0.01588977,-0.05357298,-0.6389046,-4.162267,-0.1479141,0.6296355,1.484315,0.3239629,0.06431228,-0.02080101,0.08439778,-0.696113,-0.07536746,0.3028446,0.7300041,1.540293,0.09930468,0.3096582,1.236092,0.3595535,285.8416,192.9705,63.1092,True
0,7.122252,0.003162762,0.08519917,0.04787375,-1.219167,1.535322,-2.923247,0.6167688,1.253994,0.4437943,-1.742775,-0.07321948,0.05641794,-0.01495798,-0.06455271,-0.6398878,-4.164419,-0.1471905,0.6298156,1.484197,0.3239424,0.07704943,-0.01122101,0.07893065,-0.695353,-0.07523976,0.3014022,0.7299141,1.540372,0.09922838,0.3098993,1.236123,0.3586162,285.8379,192.7345,63.18866,True
0,7.133363,-0.02894161,0.1364118,0.08171135,-1.221823,1.532682,-2.920957,0.6170554,1.253663,0.4435818,-1.743918,-0.1032557,0.0668669,-0.05645099,-0.07663187,-0.6407635,-4.167977,-0.1453716,0.6300281,1.483957,0.3239882,0.09284642,-0.0165863,0.05962268,-0.6953514,-0.0758905,0.3003928,0.7298179,1.540406,0.09916234,0.3101418,1.23629,0.3578757,285.8208,192.3984,63.34327,True
0,7.144474,-0.04172248,0.1503067,0.0976468,-1.223799,1.5307,-2.919568,0.6173605,1.253392,0.4433475,-1.744534,-0.05497961,0.06462489,-0.07984453,-0.08314408,-0.6416839,-4.171066,-0.1434983,0.6303326,1.483818,0.3240054,0.1022463,-0.02408244,0.04037437,-0.6957167,-0.07662673,0.2996043,0.7298143,1.540388,0.09900451,0.3103566,1.236612,0.3574709,285.7872,191.9598,63.62603,True
0,7.155585,-0.06623951,0.1599059,0.1146695,-1.226064,1.529009,-2.917429,0.6177495,1.253111,0.4432197,-1.744382,0.01469909,0.06356446,-0.1022375,-0.07900584,-0.6421142,-4.174242,-0.1415747,0.6306546,1.48374,0.3241038,0.1362482,-0.0155821,0.0315158,-0.6955985,-0.07651062,0.2968948,0.7297674,1.540361,0.09900022,0.3105326,1.237104,0.3575102,285.6751,191.5728,63.96913,True
0,7.166697,-0.09496705,0.1566997,0.1307112,-1.228334,1.527906,-2.915149,0.6180301,1.252916,0.4432311,-1.745541,-0.105823,0.06366777,-0.1150837,-0.06736511,-0.6422138,-4.176929,-0.1401774,0.6311085,1.483588,0.3242767,0.1349251,-0.03054397,0.004928251,-0.6966259,-0.07726003,0.2961435,0.7298391,1.540529,0.09910631,0.3106416,1.237784,0.3579567,285.4725,191.3667,64.33762,True
0,7.177808,-0.1087889,0.151361,0.137153,-1.230348,1.526793,-2.913109,0.618379,1.252653,0.4431021,-1.745151,0.03675081,0.05951396,-0.1183349,-0.05668905,-0.6422863,-4.179238,-0.138842,0.6317733,1.483482,0.3245142,0.1412764,-0.04014267,0.0006219652,-0.6970947,-0.07841585,0.2953025,0.7299355,1.540521,0.09908652,0.3108007,1.238562,0.3586707,285.2607,191.0547,64.96783,True
0,7.188919,-0.1342886,0.1342436,0.1404827,-1.232107,1.526269,-2.910707,0.6188774,1.252369,0.4430013,-1.74492,0.02073713,0.04568402,-0.1311241,-0.05234854,-0.6423534,-4.182502,-0.1362162,0.6326422,1.483374,0.324703,0.1731912,-0.06572546,-0.003896425,-0.6978025,-0.08074585,0.2940737,0.7301898,1.540495,0.09916782,0.3110293,1.239376,0.3594986,285.0401,190.7525,65.61358,True
0,7.20003,-0.1534167,0.1224821,0.1448388,-1.234024,1.525745,-2.908163,0.6192353,1.252064,0.4429266,-1.745145,-0.02084105,0.03831462,-0.1439555,-0.04169906,-0.6422703,-4.18576,-0.1337445,0.6335579,1.483158,0.3249884,0.1891289,-0.08597334,-0.00826766,-0.6984619,-0.08301859,0.2932465,0.7304747,1.540479,0.09928155,0.3112651,1.240202,0.3602814,284.8163,190.448,66.23884,True
0,7.211142,-0.1852864,0.09895349,0.149278,-1.235777,1.525921,-2.905058,0.6196764,1.251552,0.442868,-1.744421,0.06615489,0.04577909,-0.1695679,-0.03660299,-0.642127,-4.190183,-0.1309535,0.6346626,1.482911,0.3253231,0.203928,-0.08706957,-0.021192,-0.6993919,-0.08423112,0.2913962,0.7308466,1.54053,0.09933567,0.3115817,1.240963,0.3608887,284.6103,190.0106,66.96622,True
0,7.222253,-0.2203749,0.0818025,0.1526269,-1.237614,1.526065,-2.901462,0.6201051,1.251084,0.442853,-1.743801,0.05562128,0.05107575,-0.1919531,-0.03573098,-0.6421723,-4.194946,-0.1278717,0.6356857,1.482652,0.3257093,0.2217778,-0.09245268,-0.04904999,-0.7011709,-0.08530597,0.2891431,0.7312927,1.54047,0.09948564,0.3120036,1.241596,0.3612218,284.4377,189.5311,67.64567,True
0,7.233364,-0.2565494,0.07213418,0.1612577,-1.239713,1.526096,-2.897412,0.6206971,1.250659,0.4429967,-1.742356,0.1309763,0.05199814,-0.218536,-0.04442137,-0.6424913,-4.200528,-0.1239193,0.6369957,1.482432,0.3261807,0.2375885,-0.09568807,-0.06730366,-0.7027667,-0.08649814,0.2868824,0.7317828,1.540394,0.09970164,0.3124344,1.242087,0.3612418,284.2856,188.9375,68.32155,True
0,7.244475,-0.282098,0.06994963,0.1677049,-1.24198,1.525923,-2.893351,0.6212087,1.250243,0.4431541,-1.740925,0.12894,0.0455461,-0.2270213,-0.0486656,-0.6428381,-4.20536,-0.1203259,0.6382606,1.48209,0.3266373,0.2556162,-0.09357095,-0.07599916,-0.7040764,-0.08732079,0.2840823,0.7322439,1.540397,0.09995556,0.3128916,1.2424,0.3609426,284.1556,188.3234,68.90903,True
0,7.255587,-0.3364387,0.07619478,0.1752026,-1.244393,1.525318,-2.887568,0.6218964,1.249777,0.4434006,-1.739362,0.1409735,0.04346804,-0.2366506,-0.04123925,-0.6425973,-4.210242,-0.1166672,0.6398977,1.481577,0.3271801,0.2801059,-0.0946368,-0.07729267,-0.7051603,-0.08849711,0.2810263,0.7328342,1.54036,0.1002011,0.313358,1.242578,0.3603833,284.0706,187.8966,69.17354,True
0,7.266698,-0.3801654,0.0920514,0.1805011,-1.24686,1.524332,-2.881716,0.6227176,1.2491,0.4436119,-1.737972,0.1247019,0.05112587,-0.2666318,-0.01805998,-0.6415794,-4.216682,-0.1123995,0.641773,1.48108,0.3278346,0.3035765,-0.0999631,-0.07430947,-0.706233,-0.09022963,0.2781102,0.7334341,1.540405,0.1005604,0.3138667,1.242705,0.3596981,284.0154,187.6488,69.14923,True
0,7.277809,-0.4057933,0.1090052,0.1804407,-1.249243,1.523085,-2.875969,0.6233723,1.248509,0.4438186,-1.734678,0.2986877,0.06731017,-0.2838387,0.004035037,-0.6404487,-4.222695,-0.10882,0.6434705,1.480581,0.3284178,0.328094,-0.09995848,-0.07240847,-0.7072067,-0.09152845,0.2747064,0.7340684,1.540323,0.1009238,0.3143838,1.242857,0.3590408,283.9637,187.3262,69.16473,True
0,7.28892,-0.4453078,0.1355024,0.1803326,-1.251768,1.521173,-2.869167,0.624171,1.247827,0.4440956,-1.732553,0.1901296,0.1059108,-0.3064429,0.03119147,-0.6387565,-4.229399,-0.1058833,0.6454704,1.48002,0.3290875,0.3387202,-0.09996444,-0.07463966,-0.7083945,-0.09281396,0.2716912,0.7347355,1.540266,0.1012869,0.3149485,1.243112,0.3585548,283.8969,186.9434,69.28461,True
0,7.300032,-0.4848421,0.1672974,0.1759493,-1.254285,1.51875,-2.861721,0.6249297,1.247097,0.4444726,-1.730401,0.1934503,0.1303159,-0.3394874,0.02753444,-0.6381317,-4.23743,-0.1016931,0.6475955,1.479275,0.3297906,0.3610761,-0.09037572,-0.07593305,-0.7094022,-0.09337588,0.2674626,0.7354596,1.540151,0.1016998,0.3155735,1.243506,0.3583303,283.8002,186.2848,69.78337,True
0,7.311143,-0.5232843,0.1916284,0.1705262,-1.256617,1.516384,-2.854078,0.6256694,1.246407,0.4448235,-1.726838,0.3219052,0.1334308,-0.3629002,0.02309596,-0.6376428,-4.245321,-0.09695797,0.6495464,1.478465,0.3305516,0.3898936,-0.08290911,-0.06983335,-0.7102603,-0.09410293,0.262882,0.7362554,1.540084,0.1021552,0.3161603,1.24404,0.3584194,283.6801,185.3768,70.62359,True
0,7.322254,-0.5670086,0.2031524,0.1641358,-1.258964,1.514334,-2.845821,0.6263366,1.245635,0.4453149,-1.723155,0.3316436,0.1291706,-0.399152,0.02930828,-0.6366627,-4.254778,-0.09059488,0.6518286,1.477641,0.3314204,0.4102086,-0.0839622,-0.06149587,-0.7108914,-0.09545688,0.2587543,0.7369758,1.54002,0.1026309,0.3167119,1.244683,0.3588686,283.5417,184.349,71.65608,True
0,7.333365,-0.5915225,0.2051984,0.1641544,-1.261376,1.512535,-2.837903,0.6270455,1.244818,0.4457009,-1.719414,0.3367036,0.1439328,-0.4310805,0.01937073,-0.6362318,-4.264605,-0.08487973,0.6542726,1.476658,0.3322783,0.4305033,-0.08714712,-0.05528974,-0.7115961,-0.09691136,0.2544696,0.7377155,1.539841,0.103183,0.3171784,1.245417,0.3596843,283.3868,183.2878,72.81313,True
0,7.344477,-0.626649,0.1976258,0.1653113,-1.263717,1.511185,-2.829431,0.6277567,1.243973,0.4463077,-1.714845,0.4120882,0.166813,-0.490524,-0.02277819,-0.6372598,-4.27698,-0.07746896,0.6566508,1.475837,0.3331714,0.4455541,-0.08818364,-0.04051158,-0.71183,-0.0984038,0.2502642,0.7385904,1.539688,0.10377,0.3175666,1.246198,0.3608034,283.2191,182.2123,74.0898,True
0,7.355588,-0.6521795,0.1901207,0.1728453,-1.266398,1.510042,-2.820926,0.6283585,1.243068,0.4467475,-1.71081,0.3621807,0.173891,-0.5447074,-0.04981245,-0.6381035,-4.290489,-0.06881368,0.6589386,1.474932,0.3340573,0.4563069,-0.08709824,-0.02996136,-0.7120307,-0.09981421,0.2458601,0.7394301,1.539563,0.104286,0.3178928,1.246969,0.3621144,283.0251,181.157,75.42659,True
0,7.366699,-0.6681309,0.1847676,0.1782323,-1.26911,1.5089,-2.812748,0.6290642,1.242167,0.4472778,-1.705553,0.4742643,0.192593,-0.6052487,-0.08552973,-0.6395576,-4.305483,-0.05961646,0.6611826,1.47398,0.3350606,0.4649173,-0.08282018,-0.02046622,-0.7121857,-0.1009903,0.2413029,0.7403167,1.539393,0.1047993,0.318246,1.24764,0.363475,282.8208,180.0649,76.83454,True
0,7.37781,-0.6713027,0.1783727,0.1793445,-1.271737,1.5078,-2.804798,0.629552,1.241332,0.447772,-1.700432,0.4606756,0.2073031,-0.5678364,-0.1110253,-0.6411949,-4.314351,-0.05530027,0.6633129,1.473011,0.3358839,0.4606714,-0.06150764,-0.01833278,-0.7122912,-0.1008888,0.2362735,0.7412271,1.539346,0.10549,0.3186123,1.248158,0.3647625,282.6193,179.0549,78.12251,True
0,7.388922,-0.6691287,0.1677339,0.1804636,-1.274089,1.506986,-2.797244,0.6300857,1.24059,0.4482622,-1.695473,0.4457002,0.2028963,-0.5304258,-0.1309868,-0.6429062,-4.322341,-0.0510251,0.6654972,1.472226,0.3367293,0.455496,-0.05615097,-0.002320472,-0.7120387,-0.1017519,0.2320071,0.742049,1.539207,0.1061509,0.3189436,1.248516,0.3658595,282.4178,178.1814,79.22375,True
0,7.400033,-0.6658474,0.1486462,0.194405,-1.276809,1.506972,-2.789936,0.6305479,1.239812,0.4487414,-1.690127,0.4810874,0.160336,-0.4781295,-0.1344788,-0.6443518,-4.328541,-0.04645645,0.6673821,1.471474,0.3374782,0.4610416,-0.05186558,0.01788196,-0.7111567,-0.1032851,0.2273967,0.7428396,1.539145,0.1069715,0.3192575,1.248696,0.3667283,282.2491,177.4191,80.11221,True
0,7.411144,-0.6594046,0.1369907,0.2008547,-1.279477,1.506726,-2.782794,0.6309642,1.239246,0.4491472,-1.684572,0.4996466,0.1276206,-0.424925,-0.1146377,-0.6448083,-4.333609,-0.04277063,0.6694081,1.470718,0.3383334,0.4537655,-0.04436994,0.03711176,-0.7102113,-0.1039915,0.2231114,0.7437446,1.539117,0.1077094,0.3194537,1.24872,0.3673727,282.1158,176.8029,80.76275,True
0,7.422256,-0.6486347,0.1040075,0.2010243,-1.281575,1.507499,-2.776234,0.6313566,1.238738,0.4495873,-1.678489,0.5476322,0.101734,-0.3378574,-0.0584377,-0.6433963,-4.334641,-0.04215145,0.6711693,1.470183,0.3391201,0.4420374,-0.04651636,0.03511067,-0.7099407,-0.1053319,0.2194786,0.74462,1.539063,0.108372,0.3195927,1.248579,0.367828,282.0028,176.3542,81.1796,True
0,7.433367,-0.6431611,0.06247532,0.2001947,-1.283367,1.509021,-2.769806,0.6314822,1.238407,0.4499664,-1.672415,0.5463933,0.0862684,-0.2570816,-0.02368002,-0.6422729,-4.335052,-0.04238953,0.6731583,1.469772,0.3399148,0.4259378,-0.0571931,0.0224988,-0.7103401,-0.1067223,0.2164444,0.7455891,1.539046,0.1090856,0.3196736,1.248294,0.3681159,281.8652,176.1461,81.3197,True
0,7.444478,-0.6388552,0.04647674,0.1949512,-1.285241,1.509711,-2.763035,0.6317509,1.237983,0.4503763,-1.666272,0.5525601,0.0811538,-0.2230722,-0.009574238,-0.6420104,-4.337705,-0.04109763,0.6750666,1.46916,0.3407884,0.4152474,-0.06253153,0.0172799,-0.7105538,-0.1080656,0.213039,0.7466327,1.53903,0.1098166,0.3196883,1.247922,0.3682723,281.7385,176.2305,81.15108,True
0,7.455589,-0.6281519,0.03373888,0.1960858,-1.287248,1.510632,-2.756754,0.6319214,1.237574,0.4508009,-1.659648,0.5965038,0.07051685,-0.1942715,-0.01248801,-0.6422751,-4.339624,-0.03994848,0.6766875,1.468684,0.3415883,0.3960428,-0.06360143,0.01426642,-0.7106571,-0.1092019,0.2102299,0.7476024,1.53907,0.1105917,0.3196572,1.247485,0.3683043,281.6368,176.4161,80.87872,True
0,7.466701,-0.5971984,0.01681075,0.1961562,-1.291287,1.512277,-2.744846,0.6321981,1.236977,0.4516461,-1.652888,0.6085533,0.04504956,-0.08232353,-0.02113669,-0.6431321,-4.337791,-0.04169125,0.6799706,1.467663,0.3433075,0.3578956,-0.04650182,0.03588673,-0.7094501,-0.110136,0.2042152,0.7495958,1.539026,0.1122415,0.3195112,1.247036,0.3682064,281.5574,176.6493,80.52863,True
0,7.477812,-0.5971984,0.01681075,0.1961562,-1.291287,1.512277,-2.744846,0.6321981,1.236977,0.4516461,-1.640518,1.121446,0.04504956,-0.08232353,-0.02113669,-0.6431321,-4.337791,-0.04169125,0.6799706,1.467663,0.3433075,0.3578956,-0.04650182,0.03588673,-0.7094501,-0.110136,0.2042152,0.7495958,1.539026,0.1122415,0.3194127,1.246561,0.3680885,281.4871,176.6322,80.31694,True
0,7.488923,-0.5692976,-0.04488817,0.1964211,-1.294323,1.516812,-2.734249,0.632243,1.236567,0.4525385,-1.646223,-0.5354516,0.01445923,-0.07924636,0.006910956,-0.642062,-4.340781,-0.0387703,0.6830142,1.466938,0.3449707,0.3315147,-0.04111731,0.06275044,-0.7074698,-0.1118813,0.1988843,0.7515336,1.539019,0.1138718,0.3191817,1.246396,0.3679591,281.304,177.5706,79.21687,True
0,7.500034,-0.5575477,-0.05765527,0.1911489,-1.295715,1.518524,-2.728837,0.6323365,1.236259,0.453017,-1.629025,1.573104,0.01892803,-0.06444594,0.02399598,-0.6412764,-4.341261,-0.03877855,0.6844945,1.466445,0.3458347,0.3015698,-0.02835742,0.05021747,-0.7074559,-0.1116948,0.196423,0.7525423,1.539047,0.1146703,0.3191274,1.246266,0.3678833,281.3211,176.6274,80.04129,True
0,7.511146,-0.5458173,-0.06081143,0.1911516,-1.297331,1.520146,-2.723615,0.6322631,1.236032,0.4535093,-1.627211,0.1469868,0.02639474,-0.0004827138,0.01470833,-0.6415869,-4.337529,-0.04235545,0.6858907,1.465944,0.3466411,0.2865688,-0.01878133,0.04181846,-0.7072152,-0.1114871,0.1936531,0.7535324,1.539067,0.115555,0.3189771,1.246251,0.3678269,281.0992,176.6657,79.87704,True
0,7.522257,-0.5393867,-0.07254769,0.184814,-1.298444,1.522087,-2.718395,0.6321312,1.235852,0.4540625,-1.621466,0.5207876,0.01655206,0.04446484,-0.01687266,-0.6429009,-4.334302,-0.04486255,0.6871815,1.465508,0.3473892,0.2781461,-0.011296,0.0525362,-0.7062517,-0.1114352,0.1907899,0.7544273,1.539047,0.1163933,0.3188035,1.246364,0.3677064,280.9974,176.1513,80.32173,True
0,7.533368,-0.5382725,-0.08748597,0.1806426,-1.299556,1.524374,-2.713058,0.632046,1.235606,0.4545448,-1.61512,0.5710779,-0.004881527,0.05524006,-0.03042933,-0.6437553,-4.332754,-0.04526442,0.6885135,1.464987,0.3481646,0.2730356,-0.008047462,0.07602172,-0.7045196,-0.1118621,0.1882666,0.7552391,1.539051,0.1172428,0.3187084,1.246427,0.3675912,280.9545,175.2875,81.06544,True
0,7.544479,-0.5360819,-0.1077785,0.1722252,-1.300179,1.52706,-2.707813,0.631897,1.23537,0.4549098,-1.608508,0.5952958,-0.0400002,0.08726393,-0.03199619,-0.6442757,-4.329689,-0.04601543,0.6897504,1.464394,0.3489187,0.2699717,0.0005072653,0.08988341,-0.7029371,-0.1118094,0.1852364,0.7562084,1.539064,0.1181226,0.3185385,1.246388,0.3675325,280.8925,174.4502,81.74909,True
0,7.555591,-0.5360819,-0.1077785,0.1722252,-1.300179,1.52706,-2.707813,0.631897,1.23537,0.4549098,-1.601819,0.6022472,-0.0400002,0.08726393,-0.03199619,-0.6442757,-4.329689,-0.04601543,0.6897504,1.464394,0.3489187,0.2699717,0.0005072653,0.08988341,-0.7029371,-0.1118094,0.1852364,0.7562084,1.539064,0.1181226,0.3182682,1.246184,0.3675409,280.8205,173.933,82.14249,True
0,7.566702,-0.5328996,-0.1056682,0.1647469,-1.301159,1.528605,-2.702458,0.6318642,1.235092,0.4553533,-1.601175,0.049454,-0.06289025,0.100859,0.01733246,-0.6424205,-4.32696,-0.04673794,0.690974,1.463958,0.3496666,0.2624205,0.004754245,0.08035533,-0.7024018,-0.1115737,0.1824364,0.7571876,1.539005,0.1189821,0.3179177,1.245809,0.3675736,280.7418,174.11,81.92869,True
0,7.577813,-0.5265892,-0.08868696,0.1497258,-1.302012,1.529522,-2.697045,0.6317984,1.234819,0.4557579,-1.589209,1.089299,-0.0635608,0.1326293,0.0494872,-0.6409531,-4.322547,-0.04954944,0.6923051,1.463458,0.3504198,0.2504835,0.01109871,0.05701759,-0.702511,-0.111065,0.1796648,0.7582086,1.539014,0.1198709,0.3176611,1.245031,0.3676988,280.7557,173.836,82.18909,True
0,7.588924,-0.529862,-0.06850746,0.137889,-1.303011,1.529915,-2.691238,0.6316547,1.234536,0.4562523,-1.582276,0.6198516,-0.05719239,0.1358239,0.04731001,-0.6406511,-4.319875,-0.05122351,0.693565,1.462924,0.3512464,0.2365517,0.01854399,0.04860284,-0.7022447,-0.1103234,0.176975,0.7591805,1.538954,0.1207592,0.3172688,1.24389,0.3678545,280.666,174.644,81.34188,True
0,7.600036,-0.5267463,-0.04614584,0.1356294,-1.30441,1.530419,-2.685641,0.6315888,1.234128,0.4566224,-1.576234,0.5435179,-0.07370561,0.06365172,0.008692222,-0.6418863,-4.322833,-0.04754115,0.6947992,1.462251,0.351949,0.2226149,0.03024492,0.0391229,-0.7019949,-0.1091534,0.1740887,0.7601986,1.538993,0.121635,0.316741,1.242598,0.3680109,280.5868,176.32,79.58862,True
0,7.611147,-0.5310447,-0.03335617,0.1334259,-1.305738,1.530668,-2.679826,0.6314992,1.233899,0.457144,-1.569919,0.568907,-0.08140449,0.01688224,-0.006422954,-0.6423885,-4.325089,-0.04458211,0.6960386,1.461613,0.3527536,0.2130283,0.03984058,0.04025607,-0.7013648,-0.1080141,0.1712756,0.7611798,1.539003,0.1224267,0.3161078,1.241341,0.3682013,280.5661,178.2826,77.52495,True
0,7.622258,-0.5289852,-0.01313987,0.1311814,-1.307216,1.530989,-2.674164,0.6314329,1.23343,0.457444,-1.56403,0.5295301,-0.07614765,0.0009209141,-0.01083879,-0.6425866,-4.325646,-0.04359248,0.6972445,1.460974,0.3534577,0.2055647,0.03771958,0.04033123,-0.7008066,-0.1074737,0.1688902,0.7621946,1.538994,0.123265,0.3154193,1.240278,0.3684823,280.5536,179.9965,75.71741,True
0,7.633369,-0.5237836,0.02308905,0.1288295,-1.308992,1.530266,-2.668454,0.6313763,1.233168,0.4578032,-1.557887,0.5531896,-0.06546124,0.0072814,-0.008783312,-0.6426096,-4.325187,-0.04359568,0.6984431,1.460261,0.3541658,0.1991528,0.03025872,0.03827558,-0.7004423,-0.1074478,0.1668758,0.7631763,1.538979,0.1240215,0.3148032,1.239478,0.36886,280.4977,181.1853,74.48683,True
0,7.644481,-0.5164165,0.04759459,0.1254784,-1.31067,1.529732,-2.662755,0.6312748,1.232909,0.4582338,-1.552018,0.5279786,-0.06427117,0.02320189,0.000887027,-0.642314,-4.323693,-0.04402898,0.6997395,1.459706,0.3549263,0.1948704,0.02918677,0.03618108,-0.7001541,-0.107105,0.1645722,0.7642648,1.538969,0.1248729,0.3142764,1.238986,0.3693295,280.4184,181.8045,73.8749,True
0,7.655592,-0.5176105,0.08272652,0.1220822,-1.312737,1.528415,-2.656537,0.6311147,1.232508,0.4586463,-1.546293,0.5149788,-0.06843191,0.03488235,0.00845926,-0.6419917,-4.322351,-0.04418956,0.7009643,1.459019,0.3556094,0.2077248,0.05370243,0.04346914,-0.6991794,-0.1050182,0.1602099,0.7652175,1.538899,0.1257074,0.3138538,1.238763,0.3698461,280.3088,181.7811,73.95746,True
0,7.666703,-0.5144902,0.1040286,0.1198142,-1.31459,1.527417,-2.650628,0.6310643,1.232216,0.4589658,-1.540327,0.5371928,-0.08429494,0.05296201,0.01726164,-0.6415533,-4.320464,-0.04408836,0.7022108,1.458451,0.3562119,0.1948137,0.05792944,0.03079308,-0.699262,-0.1038721,0.157689,0.7662666,1.538905,0.1263764,0.3134622,1.238791,0.3704287,280.2011,181.4105,74.3637,True
0,7.677814,-0.5145007,0.1061467,0.1176715,-1.316275,1.526885,-2.644767,0.6309371,1.231897,0.4592836,-1.534084,0.5622697,-0.1044922,0.04444148,0.02275445,-0.641123,-4.320148,-0.042491,0.7034118,1.457751,0.3566527,0.1905822,0.05474316,0.03403582,-0.6986942,-0.1032028,0.1552293,0.7672488,1.538915,0.127121,0.3130488,1.239,0.3710978,280.0933,180.6327,75.16568,True
0,7.688926,-0.514541,0.1157029,0.1112259,-1.317919,1.525926,-2.638909,0.6308503,1.231571,0.4593861,-1.528397,0.5112767,-0.1158587,0.03679785,0.05692157,-0.63936,-4.319878,-0.04108352,0.7046313,1.457166,0.3572314,0.1895053,0.04089154,0.03299994,-0.6984832,-0.1033257,0.1532694,0.7682172,1.538888,0.1278527,0.3125734,1.239313,0.3718767,279.9601,179.6803,76.17535,True
0,7.700037,-0.5146246,0.1369677,0.1047123,-1.319776,1.524421,-2.632909,0.6307857,1.231282,0.4596732,-1.522498,0.5311025,-0.09867896,0.03988351,0.06953606,-0.6383086,-4.318936,-0.04128885,0.7057073,1.456535,0.3579116,0.1841699,0.03237142,0.03200213,-0.6981626,-0.1032302,0.1513658,0.7691633,1.538947,0.1286135,0.3121112,1.239633,0.3727233,279.8163,178.8095,77.18125,True
0,7.711148,-0.5179027,0.1582499,0.1013976,-1.32188,1.522713,-2.626638,0.6307758,1.230801,0.4601099,-1.516762,0.5160409,-0.08274025,0.03028125,0.06717802,-0.6376407,-4.318789,-0.04102946,0.706835,1.455923,0.3585353,0.1776997,0.03768337,0.02353201,-0.6980832,-0.1022558,0.1488358,0.7700156,1.538915,0.1293867,0.3116487,1.239878,0.3735498,279.6721,178.0789,78.10163,True
0,7.72226,-0.5243427,0.1731585,0.1045171,-1.324188,1.521191,-2.620169,0.6307232,1.230392,0.460434,-1.510934,0.5245944,-0.07857483,0.02392529,0.05964213,-0.6371953,-4.318713,-0.04023451,0.7079742,1.455335,0.3592651,0.1712767,0.03981613,0.021458,-0.6978174,-0.1013347,0.1465812,0.7708929,1.539017,0.1302011,0.3111791,1.240002,0.3742931,279.5527,177.5991,78.74713,True
0,7.733371,-0.536088,0.1827585,0.1129941,-1.326722,1.519796,-2.613338,0.6306416,1.230015,0.4607732,-1.504884,0.5448854,-0.06597336,0.01120972,0.04451635,-0.6372007,-4.319238,-0.03949495,0.7090795,1.454674,0.3598804,0.1671059,0.04196604,0.03108109,-0.6970627,-0.1006426,0.1443076,0.7717493,1.539095,0.1309166,0.3107049,1.239992,0.375,279.4668,177.293,79.09921,True
0,7.744482,-0.5392825,0.1827499,0.1140603,-1.328782,1.518745,-2.607041,0.6306287,1.229661,0.4611225,-1.498791,0.548572,-0.05332147,-0.004739109,0.03469449,-0.6371347,-4.320284,-0.03847069,0.710149,1.454086,0.3604217,0.1768302,0.05264582,0.04588644,-0.6959351,-0.09953684,0.1412288,0.7726513,1.539164,0.1315877,0.3102293,1.239853,0.375746,279.3665,177.121,79.26216,True
0,7.755593,-0.5446227,0.183766,0.1076596,-1.330623,1.517374,-2.600498,0.6306422,1.22934,0.4614184,-1.492562,0.5609944,-0.05114954,-0.00689901,0.0389199,-0.6365562,-4.320515,-0.03779292,0.7111953,1.453502,0.3609939,0.1970802,0.057973,0.0467509,-0.6952587,-0.09837437,0.1374487,0.7734962,1.539186,0.1323168,0.3096904,1.239654,0.3765388,279.2307,177.3438,79.07646,True
0,7.766705,-0.5361309,0.1922862,0.1022655,-1.332633,1.515689,-2.594497,0.6306592,1.229054,0.4616926,-1.487153,0.4858244,-0.04785232,0.001581222,0.04639501,-0.6357391,-4.319655,-0.03812741,0.7121739,1.45281,0.361475,0.1724522,0.05475944,0.03313423,-0.6953822,-0.09740724,0.1355882,0.7742991,1.539252,0.1331034,0.3090989,1.23947,0.377353,279.0826,177.8986,78.61571,True
0,7.777816,-0.5308262,0.1987024,0.1032851,-1.334925,1.514175,-2.588367,0.630635,1.22875,0.4619868,-1.481196,0.5367216,-0.05104969,0.007988989,0.04540005,-0.635329,-4.318995,-0.03793487,0.7130975,1.45231,0.3620114,0.1638637,0.06326322,0.02573867,-0.6952491,-0.09598352,0.1329935,0.7751318,1.539301,0.1338358,0.308562,1.239316,0.3781495,278.9648,178.3627,78.27078,True
0,7.788927,-0.5191466,0.2104796,0.1053293,-1.337425,1.512448,-2.582591,0.6306421,1.228583,0.4623053,-1.475919,0.4739237,-0.05834191,0.0356341,0.05629325,-0.634464,-4.316803,-0.0388233,0.7140456,1.451814,0.3625331,0.1564096,0.07284685,0.025791,-0.6948059,-0.09435846,0.1301801,0.775929,1.539302,0.1345129,0.3080793,1.239231,0.3789164,278.8716,178.699,78.03295,True
0,7.800038,-0.5117098,0.2179859,0.1084701,-1.339918,1.510817,-2.576766,0.6307346,1.228207,0.4625976,-1.469925,0.5401161,-0.06356515,0.05691516,0.06286494,-0.6336629,-4.314332,-0.03989415,0.714999,1.451306,0.3629644,0.1565192,0.07287877,0.03751171,-0.6938301,-0.09311929,0.1274695,0.776711,1.539375,0.1352727,0.3076397,1.239227,0.3796797,278.7722,178.6976,78.09969,True
0,7.81115,-0.5021859,0.2361395,0.1104751,-1.342723,1.508746,-2.571074,0.6308455,1.228023,0.4627881,-1.464415,0.4952309,-0.07920114,0.09193449,0.08988445,-0.6317689,-4.310561,-0.04148619,0.7159581,1.451028,0.3633678,0.1607654,0.06968653,0.03641841,-0.6932778,-0.09212633,0.1248402,0.7774199,1.539368,0.1359451,0.3071981,1.239306,0.3804582,278.6392,178.5803,78.27009,True
0,7.822261,-0.4947776,0.248943,0.1082598,-1.345451,1.50662,-2.565386,0.6310222,1.227789,0.4629791,-1.458511,0.5317891,-0.08874523,0.09938862,0.09215894,-0.6308113,-4.308576,-0.04194159,0.7169014,1.450593,0.363806,0.1554977,0.06650631,0.04287,-0.6925018,-0.09126107,0.1226732,0.7781608,1.539307,0.1365912,0.3067805,1.239448,0.3812759,278.4965,178.2909,78.62376,True
0,7.833372,-0.483178,0.2648931,0.102672,-1.348071,1.504509,-2.559953,0.6312481,1.227782,0.4631307,-1.452891,0.5053623,-0.1006539,0.07499094,0.07828863,-0.6304038,-4.308529,-0.04045954,0.7178463,1.450332,0.3642998,0.1501921,0.07929442,0.04502523,-0.6917742,-0.08932429,0.1197275,0.7789292,1.539278,0.1372468,0.3064285,1.239591,0.3821366,278.3406,177.8819,79.12916,True
0,7.844483,-0.4703259,0.2649833,0.09967053,-1.350677,1.502074,-2.554606,0.6313906,1.227704,0.4633505,-1.447134,0.5183266,-0.08920163,0.02926367,0.06084317,-0.6303063,-4.310603,-0.03818094,0.7187595,1.450079,0.3648889,0.1384259,0.08993422,0.03979257,-0.6913103,-0.08740002,0.1170491,0.7797968,1.539288,0.1378913,0.3061025,1.239742,0.3830405,278.1767,177.6786,79.45358,True
0,7.855595,-0.4457921,0.253334,0.09861267,-1.352795,1.500691,-2.550158,0.6315881,1.227726,0.4634905,-1.441647,0.4934233,-0.07548264,-0.01120864,0.05512661,-0.6298397,-4.313105,-0.03581019,0.7197293,1.449829,0.3654168,0.1287003,0.08032293,0.0249892,-0.6913961,-0.08634621,0.1150736,0.780619,1.539353,0.1385956,0.3058148,1.239892,0.3839837,278.0143,177.7209,79.54971,True
0,7.866706,-0.4276249,0.2384986,0.1007902,-1.354958,1.49947,-2.54575,0.6317253,1.227711,0.4637418,-1.436173,0.4926565,-0.06493049,-0.03783079,0.04952905,-0.6293689,-4.315282,-0.0337529,0.72071,1.449605,0.3659728,0.1200388,0.06645326,0.01018624,-0.6916448,-0.08571317,0.1134935,0.7813921,1.539384,0.1391642,0.3055349,1.240071,0.3849548,277.8688,177.9722,79.43719,True
0,7.877817,-0.4180104,0.2299964,0.09869726,-1.357109,1.498149,-2.541114,0.63191,1.227654,0.4639301,-1.431282,0.4393563,-0.0553502,-0.0410377,0.04941151,-0.6287723,-4.315987,-0.03288338,0.7216979,1.449333,0.3663652,0.1029144,0.05684981,0.001843206,-0.6918988,-0.08521583,0.1125923,0.7821943,1.539388,0.1397429,0.3052365,1.240278,0.3859576,277.7253,178.0948,79.46233,True
0,7.888928,-0.3944993,0.2098639,0.1019677,-1.359084,1.497297,-2.537271,0.6320725,1.227702,0.4641604,-1.425863,0.4881539,-0.04241869,-0.03474605,0.06209696,-0.6276447,-4.31615,-0.03268897,0.7225523,1.449095,0.3667879,0.08915226,0.05261547,0.01157226,-0.6912916,-0.08432926,0.1114474,0.7829168,1.539456,0.1401734,0.3049913,1.240453,0.3869265,277.5789,178.0163,79.71743,True
0,7.90004,-0.3859284,0.196025,0.09882285,-1.360772,1.496296,-2.533056,0.6322405,1.227609,0.4642534,-1.420281,0.5026901,-0.04023579,-0.03584392,0.06740101,-0.6266184,-4.316805,-0.03173156,0.7233542,1.448853,0.3670969,0.08500098,0.04518234,0.0233446,-0.6905971,-0.08403166,0.1103814,0.7836844,1.539441,0.1405962,0.3047686,1.240551,0.3878192,277.4326,177.8569,80.02789,True
0,7.911151,-0.3719631,0.1630505,0.09899487,-1.362065,1.4963,-2.529394,0.6323305,1.227605,0.4645283,-1.415711,0.4101566,-0.0423037,-0.01988036,0.07071522,-0.6257076,-4.316272,-0.03162557,0.7240821,1.448639,0.3674846,0.07014981,0.03347868,0.02989672,-0.6900772,-0.08415842,0.110122,0.7844923,1.539554,0.1409433,0.3045529,1.240568,0.3886093,277.2896,178.0092,79.99766,True
0,7.922262,-0.3633389,0.1343089,0.09701092,-1.363177,1.496347,-2.525689,0.6324762,1.22753,0.4648161,-1.410339,0.4844211,-0.04543515,0.004613012,0.07196611,-0.6248495,-4.31499,-0.03217578,0.7249326,1.448468,0.3678348,0.07221907,0.03026809,0.0224149,-0.6902466,-0.08366347,0.1087446,0.7853127,1.539542,0.141443,0.3043527,1.240495,0.3892767,277.167,178.2751,79.83133,True
0,7.933373,-0.3384792,0.03317928,0.09436336,-1.363613,1.499235,-2.519651,0.6326489,1.227757,0.4653504,-1.405665,0.4199989,-0.05825829,0.06117032,0.05965889,-0.6240245,-4.31008,-0.0344432,0.7265235,1.448067,0.3685191,0.08691564,0.01530544,-0.00112969,-0.6909577,-0.08373165,0.1064154,0.7869607,1.539438,0.1424251,0.3041475,1.240326,0.3898048,277.0695,178.6619,79.5215,True
0,7.944485,-0.319153,-0.01152828,0.08927319,-1.363397,1.501038,-2.517081,0.6326917,1.227888,0.4655318,-1.397519,0.7381525,-0.06134069,0.06750978,0.06931823,-0.6229475,-4.308308,-0.03507756,0.7273312,1.447918,0.3688524,0.08267467,0.01530991,0.001040838,-0.690865,-0.08347838,0.1054708,0.7877315,1.539423,0.1428483,0.3039697,1.240059,0.3901786,276.9923,179.176,79.00986,True
0,7.955596,-0.3115265,-0.05624677,0.08217582,-1.362888,1.502611,-2.514165,0.6328233,1.228098,0.4656522,-1.396579,0.07685658,-0.06006704,0.05459289,0.0915982,-0.6212191,-4.308034,-0.03455744,0.728188,1.447797,0.3692112,0.08161974,0.01744209,0.003171213,-0.6907995,-0.08305387,0.1044239,0.7885574,1.539483,0.1432943,0.3037778,1.239882,0.390324,276.9006,181.0225,77.14616,True
0,7.966707,-0.3040166,-0.08185587,0.07790158,-1.362354,1.504996,-2.511391,0.6328619,1.228235,0.4658215,-1.392872,0.3358268,-0.0461258,0.05025265,0.1010117,-0.6197884,-4.307147,-0.03518648,0.7290629,1.447523,0.3694444,0.08054003,0.0142436,0.001054957,-0.6908975,-0.08293243,0.1033954,0.7892897,1.539523,0.1437399,0.3037044,1.239808,0.3901861,276.9118,181.8298,76.32197,True
0,7.977818,-0.2931836,-0.1340261,0.07393545,-1.361118,1.507878,-2.509048,0.632772,1.228336,0.4660194,-1.388167,0.4241407,-0.03457281,0.02046681,0.09005904,-0.6191125,-4.308374,-0.03419845,0.729835,1.447243,0.3698201,0.07732759,0.005719803,3.862754E-05,-0.6909273,-0.08331473,0.1030183,0.7899307,1.539541,0.144146,0.3041795,1.239877,0.3900834,276.6411,180.3375,77.71001,True
0,7.98893,-0.2931836,-0.1340261,0.07393545,-1.361118,1.507878,-2.509048,0.632772,1.228336,0.4660194,-1.383801,0.3927733,-0.03457281,0.02046681,0.09005904,-0.6191125,-4.308374,-0.03419845,0.729835,1.447243,0.3698201,0.07732759,0.005719803,3.862754E-05,-0.6909273,-0.08331473,0.1030183,0.7899307,1.539541,0.144146,0.3040308,1.239694,0.3895773,276.9817,180.9615,77.09658,True
0,8.000041,-0.2920936,-0.1414933,0.07185158,-1.360712,1.509855,-2.506201,0.6327827,1.228476,0.4662373,-1.382814,0.08413747,-0.02619544,0.008802921,0.07818023,-0.6185953,-4.308799,-0.03381203,0.7306151,1.447004,0.3701432,0.07413845,0.0003976896,0.001146746,-0.6908538,-0.08354829,0.1025083,0.7906342,1.539546,0.1445632,0.3038598,1.239467,0.3888372,277.0466,181.1641,76.67999,True
0,8.011152,-0.2781517,-0.1712908,0.06774156,-1.359453,1.512507,-2.504091,0.632654,1.228568,0.4664218,-1.376015,0.618232,-0.01277589,-0.002708069,0.03961475,-0.6194241,-4.309553,-0.03349378,0.7312031,1.446716,0.3704848,0.07528758,0.008934148,0.009639151,-0.6904773,-0.08300434,0.1011767,0.791281,1.539472,0.14498,0.3037148,1.239026,0.3880599,277.0947,180.3201,77.22168,True
0,8.022264,-0.2631945,-0.1840121,0.06885938,-1.358706,1.514903,-2.502086,0.6325349,1.228644,0.4666414,-1.371344,0.4189574,-0.01826021,0.004856223,0.02373488,-0.6197234,-4.308963,-0.0335545,0.7318657,1.446429,0.3707578,0.08065171,0.007876828,0.01278372,-0.6902711,-0.08288316,0.09989544,0.7919903,1.539482,0.1453896,0.3035394,1.238338,0.3872854,277.1511,180.7501,76.51917,True
0,8.033375,-0.2514555,-0.1882101,0.07312753,-1.358129,1.517296,-2.500139,0.6324106,1.228686,0.4667845,-1.368137,0.2874563,-0.03433187,0.03266326,0.01022125,-0.6200931,-4.306838,-0.03442083,0.7323779,1.446173,0.3709795,0.0795342,-0.001720197,0.007485029,-0.6904352,-0.08339036,0.09945042,0.7926916,1.539394,0.1457267,0.3030795,1.236536,0.3868617,277.7603,185.6927,71.5983,True
0,8.044486,-0.2397036,-0.1977219,0.07742586,-1.356784,1.522086,-2.496028,0.632256,1.228698,0.4669244,-1.364735,0.30639,-0.07115904,0.08791715,0.04503745,-0.6182528,-4.300572,-0.03678278,0.7334409,1.445784,0.3713284,0.07428985,-0.00277134,0.01605959,-0.6898812,-0.0837419,0.09820353,0.7938981,1.539342,0.1462851,0.3024098,1.233989,0.3868948,278.4702,192.1431,65.36295,True
0,8.055597,-0.2397036,-0.1977219,0.07742586,-1.356784,1.522086,-2.496028,0.632256,1.228698,0.4669244,-1.358754,0.5419689,-0.07115904,0.08791715,0.04503745,-0.6182528,-4.300572,-0.03678278,0.7334409,1.445784,0.3713284,0.07428985,-0.00277134,0.01605959,-0.6898812,-0.0837419,0.09820353,0.7938981,1.539342,0.1462851,0.301671,1.231338,0.3872083,278.8947,198.3249,59.40548,True
0,8.066709,-0.2280496,-0.1763328,0.08367971,-1.356389,1.526002,-2.492088,0.6322554,1.228575,0.4668901,-1.360188,-0.1377962,-0.08984871,0.1303276,0.08491366,-0.6153181,-4.293478,-0.04001213,0.7343533,1.445237,0.3715384,0.06683098,-0.003837563,0.0161315,-0.6895574,-0.08393472,0.09702295,0.7951418,1.539245,0.1466777,0.3009871,1.229564,0.3870993,278.5446,204.1599,53.46288,True
0,8.07782,-0.2280496,-0.1763328,0.08367971,-1.356389,1.526002,-2.492088,0.6322554,1.228575,0.4668901,-1.352558,0.6968525,-0.08984871,0.1303276,0.08491366,-0.6153181,-4.293478,-0.04001213,0.7343533,1.445237,0.3715384,0.06683098,-0.003837563,0.0161315,-0.6895574,-0.08393472,0.09702295,0.7951418,1.539245,0.1466777,0.3007312,1.228676,0.3867284,278.5522,205.3381,52.1885,True
0,8.088931,-0.2175207,-0.1368157,0.09409089,-1.357341,1.527051,-2.4902,0.632264,1.228461,0.4668484,-1.353693,-0.1121894,-0.09213983,0.1165597,0.07207053,-0.6149383,-4.291933,-0.04017192,0.7347966,1.445033,0.3716998,0.06049164,-0.00169649,0.02151643,-0.6890988,-0.08394071,0.09652228,0.795653,1.539121,0.1470339,0.3007813,1.2285,0.3862804,278.8782,204.7288,52.94281,True
0,8.100042,-0.2027017,-0.1090666,0.09497598,-1.357894,1.52817,-2.488582,0.6322662,1.228443,0.4667666,-1.348692,0.4566046,-0.07953326,0.09957723,0.05798326,-0.6147806,-4.290933,-0.04053731,0.7352091,1.444854,0.3719511,0.05301411,0.005752653,0.01944219,-0.6889108,-0.08358451,0.09589617,0.7961886,1.539129,0.1474032,0.3011802,1.228651,0.3858937,279.246,201.6514,55.97467,True
0,8.111154,-0.1973949,-0.1004829,0.1023767,-1.358473,1.529714,-2.48689,0.6322582,1.228334,0.4667237,-1.345599,0.276477,-0.07215393,0.1006745,0.05045383,-0.6145138,-4.288918,-0.04163107,0.735611,1.444635,0.3721449,0.04666321,0.008957364,0.0237543,-0.6885443,-0.08332312,0.09538777,0.7968139,1.5392,0.1476645,0.3014113,1.229102,0.3853717,279.146,199.6301,57.93029,True
0,8.122265,-0.1878459,-0.0844025,0.1139833,-1.359407,1.531067,-2.485381,0.6322418,1.228277,0.4665656,-1.342959,0.2374263,-0.06266056,0.108178,0.0408127,-0.6143737,-4.286202,-0.04336958,0.736062,1.444473,0.372242,0.04559089,0.008957781,0.02270043,-0.6882876,-0.08319129,0.09474089,0.7973751,1.539278,0.1478779,0.3015652,1.229634,0.3849386,279.1251,197.7264,59.8316,True
0,8.133376,-0.1740464,-0.06726784,0.1213255,-1.361071,1.533723,-2.482443,0.6322997,1.228,0.466249,-1.340013,0.2654971,-0.06159647,0.1209792,0.03768343,-0.6137692,-4.280688,-0.04662156,0.7369481,1.444058,0.3722415,0.05938474,-0.01235811,0.01835261,-0.6880798,-0.0845499,0.09428415,0.7983371,1.53925,0.1480649,0.3016401,1.230208,0.3846793,278.7672,197.1701,60.34948,True
0,8.144487,-0.1740464,-0.06726784,0.1213255,-1.361071,1.533723,-2.482443,0.6322997,1.228,0.466249,-1.335931,0.3692722,-0.06159647,0.1209792,0.03768343,-0.6137692,-4.280688,-0.04662156,0.7369481,1.444058,0.3722415,0.05938474,-0.01235811,0.01835261,-0.6880798,-0.0845499,0.09428415,0.7983371,1.53925,0.1480649,0.3016887,1.23069,0.3842653,278.3873,195.5998,61.85068,True
0,8.155599,-0.1741191,-0.04595619,0.1222684,-1.362295,1.534452,-2.480622,0.6324468,1.227811,0.4660206,-1.336648,-0.07025854,-0.05738505,0.09967275,0.03644502,-0.6134123,-4.279928,-0.04673262,0.73744,1.443866,0.3723133,0.06150822,-0.01981191,0.01728264,-0.6879408,-0.08514179,0.09392916,0.7987258,1.539274,0.1482732,0.3017418,1.231161,0.3835323,278.1654,194.3074,63.04239,True
0,8.16671,-0.1689323,-0.005455147,0.1209643,-1.364161,1.534192,-2.478858,0.6326914,1.227545,0.4658248,-1.332615,0.3677744,-0.05004659,0.06134144,0.0318796,-0.6131028,-4.280859,-0.04557841,0.7379263,1.44372,0.3725131,0.05728499,-0.0198058,0.02158785,-0.6875312,-0.0855884,0.09381198,0.7990021,1.539287,0.1484137,0.3018259,1.231455,0.3826935,277.9948,192.7271,64.34966,True
0,8.177821,-0.1723339,0.05526877,0.1216809,-1.366819,1.532899,-2.476633,0.6329991,1.22719,0.4656191,-1.329794,0.252949,-0.04268337,0.0475216,0.0253268,-0.6130458,-4.280646,-0.04552035,0.7384012,1.443476,0.3725641,0.05834711,-0.01873836,0.02157845,-0.6872772,-0.08581704,0.0933659,0.799317,1.539388,0.1486368,0.3019561,1.231538,0.3817351,277.8134,191.3525,65.38044,True
0,8.188932,-0.1777765,0.08935253,0.1236205,-1.369274,1.532093,-2.474281,0.6332998,1.226784,0.4654329,-1.327682,0.1895241,-0.02368848,0.03906119,0.009098498,-0.6134447,-4.28041,-0.04622209,0.7387265,1.443367,0.3727314,0.06907468,-0.01020066,0.02891664,-0.6867243,-0.0855904,0.09196401,0.799661,1.539351,0.1488769,0.3021103,1.231504,0.3807954,277.6872,190.3804,66.0522,True
0,8.200044,-0.1757952,0.1384193,0.1329158,-1.372495,1.530695,-2.472175,0.6336614,1.226535,0.4652727,-1.325171,0.2265164,-0.009031145,0.03598269,-0.0145155,-0.6144733,-4.279839,-0.04709561,0.739131,1.443142,0.3727922,0.07430647,-0.01235329,0.01928028,-0.6869459,-0.08593235,0.09126893,0.7999818,1.539402,0.1489599,0.302286,1.231424,0.3800759,277.6142,189.741,66.46313,True
0,8.211155,-0.1694505,0.1522961,0.1338923,-1.375042,1.529947,-2.470334,0.6340164,1.226225,0.4650748,-1.322685,0.2239552,-0.00093091,0.007418852,-0.04993074,-0.6161351,-4.281472,-0.04606736,0.7395297,1.442925,0.3729007,0.08082842,-0.003803834,0.03305156,-0.6861001,-0.08576684,0.09003375,0.8002079,1.539412,0.1490874,0.3024391,1.231332,0.3797013,277.5828,189.2225,66.85518,True
0,8.222266,-0.1588428,0.1661886,0.134863,-1.377648,1.529117,-2.468797,0.634352,1.225887,0.4648561,-1.320854,0.1641062,-7.854495E-05,-0.003119148,-0.068114,-0.61739,-4.281957,-0.04562874,0.7399105,1.442727,0.3729243,0.07661432,0.005801551,0.0384005,-0.6854167,-0.08507867,0.08883746,0.8005074,1.539367,0.1491256,0.3025721,1.231212,0.3795911,277.4565,189.4725,66.50772,True
0,8.233377,-0.1461364,0.1864428,0.1304638,-1.380318,1.52778,-2.467279,0.6347855,1.225582,0.4646506,-1.318901,0.1757469,0.01584119,-0.01697617,-0.07156271,-0.6183061,-4.283167,-0.0453262,0.7402304,1.442633,0.3730223,0.06595187,0.007930607,0.0374311,-0.6850029,-0.08484738,0.08828779,0.8007495,1.539402,0.149195,0.3027086,1.231083,0.3796655,277.1866,190.735,65.18301,True
0,8.244489,-0.1323031,0.188599,0.1251032,-1.382647,1.526717,-2.466046,0.6350648,1.225294,0.4644678,-1.317142,0.157993,0.02539836,-0.02230657,-0.07382527,-0.6190949,-4.283911,-0.04536056,0.740694,1.442519,0.3730545,0.05842726,0.01004335,0.03004486,-0.6848809,-0.08473593,0.08777086,0.8009396,1.539411,0.1493011,0.3028349,1.230874,0.3798326,276.8932,192.0981,63.83834,True
0,8.2556,-0.1109501,0.1758935,0.126219,-1.384793,1.526517,-2.465526,0.6353625,1.225068,0.4643273,-1.315249,0.1703795,0.03080953,-0.01916486,-0.06640624,-0.6195674,-4.284168,-0.0457089,0.7409057,1.442494,0.3731091,0.04666928,0.00470908,0.0259045,-0.6847818,-0.08498893,0.08787393,0.8011233,1.539455,0.1493397,0.3029732,1.230593,0.3800585,276.6062,193.4011,62.58494,True
0,8.266711,-0.08741552,0.1471766,0.1199556,-1.386045,1.526636,-2.465438,0.6356191,1.224891,0.4642043,-1.313528,0.1547101,0.01713192,-0.006444384,-0.05232856,-0.6195844,-4.283577,-0.04584312,0.7411127,1.442609,0.3731508,0.04560734,-0.001686133,0.02592931,-0.6844697,-0.08551291,0.08773971,0.8013008,1.539433,0.149473,0.303115,1.230279,0.3803439,276.3348,194.8962,61.1392,True
0,8.277822,-0.06385276,0.1088837,0.1158862,-1.386973,1.527416,-2.465544,0.6358613,1.224782,0.4640474,-1.312235,0.1156751,0.00873295,0.005230694,-0.04258062,-0.6197261,-4.282741,-0.0463201,0.7413015,1.442611,0.3731463,0.03922524,-0.007010143,0.02706532,-0.6841443,-0.08600785,0.08788858,0.8014551,1.539441,0.1494906,0.3032244,1.229958,0.3806644,276.1281,196.1736,59.94669,True
0,8.288934,-0.04028941,0.06842342,0.105435,-1.387253,1.528397,-2.466065,0.6360834,1.22469,0.4639711,-1.310899,0.1201793,-0.0100084,0.03914139,-0.007015655,-0.6186358,-4.279909,-0.04782664,0.7412764,1.442684,0.3730855,0.03597778,-0.008081522,0.02177074,-0.6840808,-0.08611691,0.08772133,0.8015507,1.539487,0.1494856,0.3033476,1.22964,0.3810013,275.9577,197.2375,59.03846,True
